2026-06-30 13:32:35.776
2026-06-30 13:32:35.779 13
0,3 1,2 0,2 3,1 2,1 3,0 1,0 3,2 1,3 2,0 
2026-06-30 13:32:35.780 13
2,0 3,1 2,1 3,0 0,2 1,3 0,3 1,2 1,0 3,2 
2026-06-30 13:32:35.780 16
0,2 3,1 1,2 3,0 1,3 2,0 1,0 3,2 0,3 2,1 
2026-06-30 13:32:35.780 11
1,2 3,0 0,2 3,1 1,0 3,2 1,3 2,0 0,3 2,1 
2026-06-30 13:32:35.781 15
0,3 1,2 1,0 3,2 2,0 3,1 2,1 3,0 0,2 1,3 
2026-06-30 13:32:35.781 13
1,2 3,0 1,3 2,0 0,3 2,1 0,2 3,1 1,0 3,2 
2026-06-30 13:32:35.781 13
2,1 3,0 1,3 2,0 1,0 3,2 0,2 3,1 0,3 1,2 
2026-06-30 13:32:35.781 12
0,3 1,2 1,0 3,2 1,3 2,0 2,1 3,0 0,2 3,1 
2026-06-30 13:32:35.782 13
1,2 3,0 0,2 1,3 1,0 3,2 2,0 3,1 0,3 2,1 
2026-06-30 13:32:35.782 12
1,3 2,0 1,0 3,2 1,2 3,0 0,2 3,1 0,3 2,1 
2026-06-30 13:32:35.782 12
2,1 3,0 0,2 1,3 1,0 3,2 0,3 1,2 2,0 3,1 
2026-06-30 13:32:35.783 14
1,3 2,0 1,0 3,2 1,2 3,0 0,2 3,1 0,3 2,1 
2026-06-30 13:32:35.783 15
0,2 3,1 1,2 3,0 1,3 2,0 0,3 2,1 1,0 3,2 
2026-06-30 13:32:35.783 12
1,3 2,0 1,0 3,2 2,1 3,0 0,2 3,1 0,3 1,2 
2026-06-30 13:32:35.783 11
1,2 3,0 0,2 1,3 1,0 3,2 2,0 3,1 0,3 2,1 
2026-06-30 13:32:35.784 12
2,0 3,1 1,0 3,2 1,2 3,0 0,2 1,3 0,3 2,1 
2026-06-30 13:32:35.784 13
2,0 3,1 1,2 3,0 0,2 1,3 1,0 3,2 0,3 2,1 
2026-06-30 13:32:35.784 13
0,2 1,3 1,0 3,2 0,3 2,1 2,0 3,1 1,2 3,0 
2026-06-30 13:32:35.785 12
0,2 3,1 1,0 3,2 1,2 3,0 1,3 2,0 0,3 2,1 
2026-06-30 13:32:35.785 15
2,0 3,1 1,2 3,0 0,2 1,3 0,3 2,1 1,0 3,2 
2026-06-30 13:32:35.785 13
2,1 3,0 2,0 3,1 0,3 1,2 1,0 3,2 0,2 1,3 
2026-06-30 13:32:35.785 16
2,0 3,1 1,2 3,0 1,0 3,2 0,3 2,1 0,2 1,3 
2026-06-30 13:32:35.786 11
1,3 2,0 1,0 3,2 1,2 3,0 0,2 3,1 0,3 2,1 
2026-06-30 13:32:35.786 14
2,1 3,0 0,2 1,3 0,3 1,2 2,0 3,1 1,0 3,2 
2026-06-30 13:32:35.786 17
2,1 3,0 1,3 2,0 0,3 1,2 0,2 3,1 1,0 3,2 
2026-06-30 13:32:35.786 12
1,2 3,0 1,3 2,0 0,3 2,1 0,2 3,1 1,0 3,2 
2026-06-30 13:32:35.787 14
2,0 3,1 2,1 3,0 1,0 3,2 0,3 1,2 0,2 1,3 
2026-06-30 13:32:35.787 11
0,2 1,3 1,0 3,2 0,3 1,2 2,0 3,1 2,1 3,0 
2026-06-30 13:32:35.787 12
2,0 3,1 1,0 3,2 2,1 3,0 0,2 1,3 0,3 1,2 
2026-06-30 13:32:35.788 11
1,2 3,0 1,0 3,2 0,2 3,1 0,3 2,1 1,3 2,0 
2026-06-30 13:32:35.788 14
1,3 2,0 2,1 3,0 0,2 3,1 0,3 1,2 1,0 3,2 
2026-06-30 13:32:35.788 14
1,3 2,0 0,3 2,1 0,2 3,1 1,2 3,0 1,0 3,2 
2026-06-30 13:32:35.789 16
0,3 1,2 2,0 3,1 1,0 3,2 0,2 1,3 2,1 3,0 
2026-06-30 13:32:35.789 16
1,2 3,0 1,3 2,0 1,0 3,2 0,2 3,1 0,3 2,1 
2026-06-30 13:32:35.789 16
0,3 1,2 2,0 3,1 1,0 3,2 0,2 1,3 2,1 3,0 
2026-06-30 13:32:35.789 15
0,3 1,2 1,3 2,0 2,1 3,0 0,2 3,1 1,0 3,2 
2026-06-30 13:32:35.790 14
0,3 1,2 2,0 3,1 1,0 3,2 0,2 1,3 2,1 3,0 
2026-06-30 13:32:35.790 12
1,3 2,0 1,0 3,2 1,2 3,0 0,2 3,1 0,3 2,1 
2026-06-30 13:32:35.790 12
0,2 3,1 1,0 3,2 1,2 3,0 1,3 2,0 0,3 2,1 
2026-06-30 13:32:35.791 11
0,3 1,2 0,2 1,3 1,0 3,2 2,0 3,1 2,1 3,0 
2026-06-30 13:32:35.791 18
2,1 3,0 1,3 2,0 0,3 1,2 1,0 3,2 0,2 3,1 
2026-06-30 13:32:35.791 16
0,3 1,2 2,0 3,1 2,1 3,0 0,2 1,3 1,0 3,2 
2026-06-30 13:32:35.791 13
2,0 3,1 1,0 3,2 2,1 3,0 0,2 1,3 0,3 1,2 
2026-06-30 13:32:35.792 11
2,1 3,0 2,0 3,1 0,3 1,2 0,2 1,3 1,0 3,2 
2026-06-30 13:32:35.792 14
2,1 3,0 2,0 3,1 1,0 3,2 0,2 1,3 0,3 1,2 
2026-06-30 13:32:35.792 13
1,2 3,0 1,0 3,2 2,0 3,1 0,3 2,1 0,2 1,3 
2026-06-30 13:32:35.793 11
1,3 2,0 2,1 3,0 0,2 3,1 0,3 1,2 1,0 3,2 
2026-06-30 13:32:35.793 14
0,3 1,2 2,0 3,1 2,1 3,0 0,2 1,3 1,0 3,2 
2026-06-30 13:32:35.793 15
0,3 1,2 1,3 2,0 2,1 3,0 0,2 3,1 1,0 3,2 
2026-06-30 13:32:35.793 16
1,2 3,0 1,3 2,0 0,3 2,1 0,2 3,1 1,0 3,2 
2026-06-30 13:32:35.794 13
1,2 3,0 1,0 3,2 2,0 3,1 0,3 2,1 0,2 1,3 
2026-06-30 13:32:35.794 13
2,1 3,0 2,0 3,1 0,3 1,2 0,2 1,3 1,0 3,2 
2026-06-30 13:32:35.794 12
1,3 2,0 1,2 3,0 1,0 3,2 0,3 2,1 0,2 3,1 
2026-06-30 13:32:35.794 12
2,0 3,1 0,3 2,1 1,0 3,2 1,2 3,0 0,2 1,3 
2026-06-30 13:32:35.794 15
1,2 3,0 1,0 3,2 0,2 1,3 0,3 2,1 2,0 3,1 
2026-06-30 13:32:35.794 16
2,1 3,0 1,0 3,2 1,3 2,0 0,3 1,2 0,2 3,1 
2026-06-30 13:32:35.794 13
2,1 3,0 1,3 2,0 0,3 1,2 1,0 3,2 0,2 3,1 
2026-06-30 13:32:35.830 13
0,2 1,3 2,1 3,0 2,0 3,1 0,3 1,2 1,0 3,2 
2026-06-30 13:32:35.830 14
1,3 2,0 1,0 3,2 2,1 3,0 0,2 3,1 0,3 1,2 
2026-06-30 13:32:35.830 16
2,1 3,0 0,2 3,1 0,3 1,2 1,3 2,0 1,0 3,2 
2026-06-30 13:32:35.831 12
0,3 2,1 1,0 3,2 2,0 3,1 1,2 3,0 0,2 1,3 
2026-06-30 13:32:35.831 11
2,0 3,1 1,0 3,2 0,3 2,1 0,2 1,3 1,2 3,0 
2026-06-30 13:32:35.831 13
2,0 3,1 1,0 3,2 2,1 3,0 0,2 1,3 0,3 1,2 
2026-06-30 13:32:35.831 15
2,0 3,1 1,0 3,2 2,1 3,0 0,2 1,3 0,3 1,2 
2026-06-30 13:32:35.831 13
0,3 2,1 0,2 3,1 1,2 3,0 1,0 3,2 1,3 2,0 
2026-06-30 13:32:35.831 17
0,3 1,2 1,0 3,2 1,3 2,0 2,1 3,0 0,2 3,1 
2026-06-30 13:32:35.831 15
0,3 1,2 1,3 2,0 2,1 3,0 0,2 3,1 1,0 3,2 
2026-06-30 13:32:35.831 14
1,3 2,0 1,0 3,2 1,2 3,0 0,2 3,1 0,3 2,1 
2026-06-30 13:32:35.831 14
2,0 3,1 1,0 3,2 2,1 3,0 0,2 1,3 0,3 1,2 
2026-06-30 13:32:35.831 18
1,2 3,0 1,3 2,0 1,0 3,2 0,2 3,1 0,3 2,1 
2026-06-30 13:32:35.831 13
1,2 3,0 1,3 2,0 0,3 2,1 1,0 3,2 0,2 3,1 
2026-06-30 13:32:35.831 15
0,3 1,2 1,0 3,2 2,0 3,1 2,1 3,0 0,2 1,3 
2026-06-30 13:32:35.831 14
2,1 3,0 1,3 2,0 1,0 3,2 0,3 1,2 0,2 3,1 
2026-06-30 13:32:35.831 16
2,0 3,1 1,0 3,2 0,3 2,1 0,2 1,3 1,2 3,0 
2026-06-30 13:32:35.832 16
1,2 3,0 0,2 3,1 0,3 2,1 1,3 2,0 1,0 3,2 
2026-06-30 13:32:35.832 15
0,2 1,3 0,3 1,2 1,0 3,2 2,1 3,0 2,0 3,1 
2026-06-30 13:32:35.832 11
2,1 3,0 1,0 3,2 1,3 2,0 0,3 1,2 0,2 3,1 
2026-06-30 13:32:35.832 11
2,1 3,0 1,0 3,2 0,2 3,1 0,3 1,2 1,3 2,0 
2026-06-30 13:32:35.832 17
1,3 2,0 2,1 3,0 0,2 3,1 0,3 1,2 1,0 3,2 
2026-06-30 13:32:35.832 15
0,2 1,3 1,2 3,0 1,0 3,2 0,3 2,1 2,0 3,1 
2026-06-30 13:32:35.832 15
1,2 3,0 1,0 3,2 2,0 3,1 0,3 2,1 0,2 1,3 
2026-06-30 13:32:35.832 12
1,2 3,0 1,3 2,0 0,3 2,1 0,2 3,1 1,0 3,2 
2026-06-30 13:32:35.832 14
0,3 1,2 1,3 2,0 2,1 3,0 1,0 3,2 0,2 3,1 
2026-06-30 13:32:35.832 10
0,3 1,2 1,0 3,2 2,0 3,1 2,1 3,0 0,2 1,3 
2026-06-30 13:32:35.832 17
1,2 3,0 1,0 3,2 2,0 3,1 0,3 2,1 0,2 1,3 
2026-06-30 13:32:35.832 18
2,0 3,1 1,0 3,2 1,2 3,0 0,2 1,3 0,3 2,1 
2026-06-30 13:32:35.832 12
1,3 2,0 1,0 3,2 2,1 3,0 0,2 3,1 0,3 1,2 
2026-06-30 13:32:35.833 14
1,2 3,0 1,0 3,2 2,0 3,1 0,3 2,1 0,2 1,3 
2026-06-30 13:32:35.833 13
0,3 2,1 1,3 2,0 1,2 3,0 1,0 3,2 0,2 3,1 
2026-06-30 13:32:35.833 13
1,2 3,0 0,2 3,1 1,0 3,2 0,3 2,1 1,3 2,0 
2026-06-30 13:32:35.833 12
1,3 2,0 2,1 3,0 0,2 3,1 1,0 3,2 0,3 1,2 
2026-06-30 13:32:35.833 13
2,0 3,1 0,3 2,1 0,2 1,3 1,2 3,0 1,0 3,2 
2026-06-30 13:32:35.833 17
0,3 2,1 0,2 3,1 1,0 3,2 1,3 2,0 1,2 3,0 
2026-06-30 13:32:35.833 14
0,2 1,3 1,0 3,2 1,2 3,0 2,0 3,1 0,3 2,1 
2026-06-30 13:32:35.833 15
1,3 2,0 1,0 3,2 0,3 2,1 0,2 3,1 1,2 3,0 
2026-06-30 13:32:35.833 12
0,3 1,2 1,0 3,2 0,2 1,3 2,1 3,0 2,0 3,1 
2026-06-30 13:32:35.833 14
2,0 3,1 0,3 1,2 0,2 1,3 2,1 3,0 1,0 3,2 
2026-06-30 13:32:35.833 11
0,3 1,2 0,2 1,3 1,0 3,2 2,0 3,1 2,1 3,0 
2026-06-30 13:32:35.833 12
0,3 1,2 1,3 2,0 1,0 3,2 0,2 3,1 2,1 3,0 
2026-06-30 13:32:35.833 11
1,2 3,0 0,2 1,3 0,3 2,1 1,0 3,2 2,0 3,1 
2026-06-30 13:32:35.833 12
1,2 3,0 1,3 2,0 1,0 3,2 0,2 3,1 0,3 2,1 
2026-06-30 13:32:35.834 15
1,2 3,0 0,2 3,1 0,3 2,1 1,0 3,2 1,3 2,0 
2026-06-30 13:32:35.834 12
2,0 3,1 1,0 3,2 2,1 3,0 0,2 1,3 0,3 1,2 
2026-06-30 13:32:35.834 17
0,3 2,1 0,2 3,1 1,2 3,0 1,3 2,0 1,0 3,2 
2026-06-30 13:32:35.834 13
1,2 3,0 1,0 3,2 0,2 3,1 0,3 2,1 1,3 2,0 
2026-06-30 13:32:35.834 15
2,0 3,1 0,3 1,2 1,0 3,2 0,2 1,3 2,1 3,0 
2026-06-30 13:32:35.834 12
1,3 2,0 1,2 3,0 1,0 3,2 0,3 2,1 0,2 3,1 
2026-06-30 13:32:35.834 11
2,1 3,0 1,3 2,0 0,3 1,2 0,2 3,1 1,0 3,2 
2026-06-30 13:32:35.834 16
2,1 3,0 2,0 3,1 0,3 1,2 1,0 3,2 0,2 1,3 
2026-06-30 13:32:35.834 12
2,1 3,0 2,0 3,1 0,3 1,2 1,0 3,2 0,2 1,3 
2026-06-30 13:32:35.834 12
0,2 3,1 1,0 3,2 2,1 3,0 1,3 2,0 0,3 1,2 
2026-06-30 13:32:35.834 17
2,0 3,1 1,2 3,0 0,2 1,3 0,3 2,1 1,0 3,2 
2026-06-30 13:32:35.834 16
2,1 3,0 0,2 3,1 1,0 3,2 1,3 2,0 0,3 1,2 
2026-06-30 13:32:35.834 12
2,1 3,0 2,0 3,1 1,0 3,2 0,3 1,2 0,2 1,3 
2026-06-30 13:32:35.835 12
0,3 2,1 1,0 3,2 0,2 1,3 1,2 3,0 2,0 3,1 
2026-06-30 13:32:35.835 16
0,3 2,1 1,0 3,2 0,2 3,1 1,2 3,0 1,3 2,0 
2026-06-30 13:32:35.835 11
1,3 2,0 1,0 3,2 0,3 1,2 0,2 3,1 2,1 3,0 
2026-06-30 13:32:35.835 11
2,0 3,1 1,2 3,0 0,2 1,3 1,0 3,2 0,3 2,1 
2026-06-30 13:32:35.835 15
2,0 3,1 1,2 3,0 0,2 1,3 1,0 3,2 0,3 2,1 
2026-06-30 13:32:35.835 14
1,2 3,0 1,0 3,2 1,3 2,0 0,3 2,1 0,2 3,1 
2026-06-30 13:32:35.835 14
1,3 2,0 1,2 3,0 1,0 3,2 0,3 2,1 0,2 3,1 
2026-06-30 13:32:35.843 14
0,3 1,2 1,3 2,0 2,1 3,0 0,2 3,1 1,0 3,2 
2026-06-30 13:32:35.843 12
0,2 3,1 1,0 3,2 2,1 3,0 1,3 2,0 0,3 1,2 
2026-06-30 13:32:35.843 11
1,2 3,0 1,0 3,2 2,0 3,1 0,3 2,1 0,2 1,3 
2026-06-30 13:32:35.843 13
2,0 3,1 1,0 3,2 2,1 3,0 0,2 1,3 0,3 1,2 
2026-06-30 13:32:35.843 15
1,3 2,0 1,2 3,0 0,2 3,1 1,0 3,2 0,3 2,1 
2026-06-30 13:32:35.843 15
0,2 1,3 1,0 3,2 1,2 3,0 2,0 3,1 0,3 2,1 
2026-06-30 13:32:35.843 17
1,3 2,0 1,0 3,2 0,3 1,2 0,2 3,1 2,1 3,0 
2026-06-30 13:32:35.843 12
0,3 1,2 0,2 3,1 2,1 3,0 1,3 2,0 1,0 3,2 
2026-06-30 13:32:35.843 14
0,3 2,1 1,0 3,2 2,0 3,1 1,2 3,0 0,2 1,3 
2026-06-30 13:32:35.843 12
1,2 3,0 0,2 1,3 0,3 2,1 2,0 3,1 1,0 3,2 
2026-06-30 13:32:35.844 13
1,3 2,0 1,0 3,2 0,3 1,2 0,2 3,1 2,1 3,0 
2026-06-30 13:32:35.844 13
1,2 3,0 2,0 3,1 0,3 2,1 0,2 1,3 1,0 3,2 
2026-06-30 13:32:35.844 13
1,3 2,0 1,0 3,2 2,1 3,0 0,2 3,1 0,3 1,2 
2026-06-30 13:32:35.844 12
2,0 3,1 1,0 3,2 0,3 1,2 0,2 1,3 2,1 3,0 
2026-06-30 13:32:35.844 11
0,2 1,3 1,0 3,2 0,3 1,2 2,0 3,1 2,1 3,0 
2026-06-30 13:32:35.844 18
2,1 3,0 2,0 3,1 1,0 3,2 0,2 1,3 0,3 1,2 
2026-06-30 13:32:35.844 13
1,2 3,0 2,0 3,1 1,0 3,2 0,2 1,3 0,3 2,1 
2026-06-30 13:32:35.844 15
2,1 3,0 1,0 3,2 0,2 3,1 0,3 1,2 1,3 2,0 
2026-06-30 13:32:35.844 14
0,2 3,1 1,0 3,2 0,3 1,2 1,3 2,0 2,1 3,0 
2026-06-30 13:32:35.844 14
2,1 3,0 0,2 3,1 0,3 1,2 1,3 2,0 1,0 3,2 
2026-06-30 13:32:35.844 14
2,0 3,1 1,0 3,2 1,2 3,0 0,2 1,3 0,3 2,1 
2026-06-30 13:32:35.845 14
1,2 3,0 1,0 3,2 0,2 3,1 0,3 2,1 1,3 2,0 
2026-06-30 13:32:35.845 11
2,1 3,0 1,0 3,2 1,3 2,0 0,3 1,2 0,2 3,1 
2026-06-30 13:32:35.845 13
0,2 3,1 1,0 3,2 0,3 1,2 1,3 2,0 2,1 3,0 
2026-06-30 13:32:35.845 15
0,3 2,1 2,0 3,1 1,0 3,2 0,2 1,3 1,2 3,0 
2026-06-30 13:32:35.845 14
2,1 3,0 0,2 3,1 1,0 3,2 1,3 2,0 0,3 1,2 
2026-06-30 13:32:35.845 16
1,2 3,0 0,2 3,1 0,3 2,1 1,3 2,0 1,0 3,2 
2026-06-30 13:32:35.845 12
0,3 1,2 1,0 3,2 2,0 3,1 2,1 3,0 0,2 1,3 
2026-06-30 13:32:35.845 14
2,0 3,1 1,2 3,0 1,0 3,2 0,3 2,1 0,2 1,3 
2026-06-30 13:32:35.845 13
1,2 3,0 2,0 3,1 0,3 2,1 0,2 1,3 1,0 3,2 
2026-06-30 13:32:35.845 14
2,1 3,0 1,0 3,2 2,0 3,1 0,3 1,2 0,2 1,3 
2026-06-30 13:32:35.846 13
2,0 3,1 2,1 3,0 0,2 1,3 0,3 1,2 1,0 3,2 
2026-06-30 13:32:35.846 13
2,0 3,1 2,1 3,0 1,0 3,2 0,3 1,2 0,2 1,3 
2026-06-30 13:32:35.846 12
2,1 3,0 1,3 2,0 0,3 1,2 1,0 3,2 0,2 3,1 
2026-06-30 13:32:35.846 14
1,2 3,0 2,0 3,1 0,3 2,1 0,2 1,3 1,0 3,2 
2026-06-30 13:32:35.846 12
0,3 2,1 2,0 3,1 1,0 3,2 0,2 1,3 1,2 3,0 
2026-06-30 13:32:35.846 15
0,2 1,3 2,1 3,0 2,0 3,1 0,3 1,2 1,0 3,2 
2026-06-30 13:32:35.846 17
1,2 3,0 1,0 3,2 2,0 3,1 0,3 2,1 0,2 1,3 
2026-06-30 13:32:35.846 12
0,3 2,1 1,0 3,2 1,3 2,0 1,2 3,0 0,2 3,1 
2026-06-30 13:32:35.847 15
2,0 3,1 2,1 3,0 1,0 3,2 0,3 1,2 0,2 1,3 
2026-06-30 13:32:35.847 17
2,0 3,1 0,3 2,1 0,2 1,3 1,2 3,0 1,0 3,2 
2026-06-30 13:32:35.847 13
2,0 3,1 2,1 3,0 1,0 3,2 0,3 1,2 0,2 1,3 
2026-06-30 13:32:35.847 16
1,3 2,0 2,1 3,0 1,0 3,2 0,3 1,2 0,2 3,1 
2026-06-30 13:32:35.847 15
2,1 3,0 0,2 1,3 1,0 3,2 2,0 3,1 0,3 1,2 
2026-06-30 13:32:35.847 11
2,0 3,1 1,0 3,2 1,2 3,0 0,2 1,3 0,3 2,1 
2026-06-30 13:32:35.847 13
0,2 3,1 1,0 3,2 0,3 2,1 1,3 2,0 1,2 3,0 
2026-06-30 13:32:35.847 11
0,2 1,3 1,0 3,2 1,2 3,0 2,0 3,1 0,3 2,1 
2026-06-30 13:32:35.848 15
0,2 1,3 1,2 3,0 2,0 3,1 0,3 2,1 1,0 3,2 
2026-06-30 13:32:35.848 14
1,3 2,0 0,3 1,2 0,2 3,1 2,1 3,0 1,0 3,2 
2026-06-30 13:32:35.848 13
1,3 2,0 1,2 3,0 1,0 3,2 0,3 2,1 0,2 3,1 
2026-06-30 13:32:35.848 12
1,3 2,0 1,0 3,2 0,3 2,1 0,2 3,1 1,2 3,0 
2026-06-30 13:32:35.848 12
1,2 3,0 0,2 3,1 0,3 2,1 1,0 3,2 1,3 2,0 
2026-06-30 13:32:35.848 12
1,3 2,0 1,2 3,0 0,2 3,1 1,0 3,2 0,3 2,1 
2026-06-30 13:32:35.848 12
2,0 3,1 2,1 3,0 1,0 3,2 0,3 1,2 0,2 1,3 
2026-06-30 13:32:35.849 11
1,3 2,0 1,0 3,2 2,1 3,0 0,2 3,1 0,3 1,2 
2026-06-30 13:32:35.849 14
0,2 3,1 2,1 3,0 1,0 3,2 0,3 1,2 1,3 2,0 
2026-06-30 13:32:35.849 13
0,3 1,2 2,0 3,1 1,0 3,2 0,2 1,3 2,1 3,0 
2026-06-30 13:32:35.849 13
1,2 3,0 2,0 3,1 1,0 3,2 0,2 1,3 0,3 2,1 
2026-06-30 13:32:35.849 12
1,3 2,0 1,0 3,2 0,3 1,2 0,2 3,1 2,1 3,0 
2026-06-30 13:32:35.849 12
2,1 3,0 1,0 3,2 2,0 3,1 0,3 1,2 0,2 1,3 
2026-06-30 13:32:35.849 13
0,3 1,2 1,3 2,0 1,0 3,2 0,2 3,1 2,1 3,0 
2026-06-30 13:32:35.850 14
1,3 2,0 1,2 3,0 1,0 3,2 0,2 3,1 0,3 2,1 
2026-06-30 13:32:35.850 17
0,2 3,1 1,0 3,2 0,3 2,1 1,3 2,0 1,2 3,0 
2026-06-30 13:32:35.850 13
2,1 3,0 1,0 3,2 2,0 3,1 0,3 1,2 0,2 1,3 
2026-06-30 13:32:35.850 11
2,0 3,1 1,2 3,0 0,2 1,3 0,3 2,1 1,0 3,2 
2026-06-30 13:32:35.850 15
0,2 3,1 0,3 2,1 1,3 2,0 1,0 3,2 1,2 3,0 
2026-06-30 13:32:35.851 12
2,1 3,0 0,2 1,3 0,3 1,2 2,0 3,1 1,0 3,2 
2026-06-30 13:32:35.851 15
1,2 3,0 1,0 3,2 2,0 3,1 0,3 2,1 0,2 1,3 
2026-06-30 13:32:35.851 11
0,2 1,3 1,2 3,0 1,0 3,2 0,3 2,1 2,0 3,1 
2026-06-30 13:32:35.851 15
2,1 3,0 1,0 3,2 2,0 3,1 0,3 1,2 0,2 1,3 
2026-06-30 13:32:35.851 12
2,0 3,1 1,2 3,0 1,0 3,2 0,2 1,3 0,3 2,1 
2026-06-30 13:32:35.851 12
1,2 3,0 1,0 3,2 0,2 3,1 0,3 2,1 1,3 2,0 
2026-06-30 13:32:35.852 17
0,2 3,1 2,1 3,0 1,0 3,2 0,3 1,2 1,3 2,0 
2026-06-30 13:32:35.852 13
0,2 3,1 1,0 3,2 1,2 3,0 1,3 2,0 0,3 2,1 
2026-06-30 13:32:35.852 16
2,1 3,0 1,3 2,0 1,0 3,2 0,2 3,1 0,3 1,2 
2026-06-30 13:32:35.852 14
0,3 1,2 1,0 3,2 2,0 3,1 2,1 3,0 0,2 1,3 
2026-06-30 13:32:35.852 14
0,3 2,1 1,3 2,0 1,0 3,2 0,2 3,1 1,2 3,0 
2026-06-30 13:32:35.852 13
0,2 3,1 1,2 3,0 1,3 2,0 1,0 3,2 0,3 2,1 
2026-06-30 13:32:35.853 15
1,2 3,0 0,2 3,1 0,3 2,1 1,3 2,0 1,0 3,2 
2026-06-30 13:32:35.853 14
1,2 3,0 2,0 3,1 1,0 3,2 0,3 2,1 0,2 1,3 
2026-06-30 13:32:35.853 14
2,0 3,1 1,2 3,0 1,0 3,2 0,3 2,1 0,2 1,3 
2026-06-30 13:32:35.853 16
2,0 3,1 1,0 3,2 1,2 3,0 0,2 1,3 0,3 2,1 
2026-06-30 13:32:35.853 11
1,2 3,0 2,0 3,1 1,0 3,2 0,3 2,1 0,2 1,3 
2026-06-30 13:32:35.854 13
1,3 2,0 1,0 3,2 1,2 3,0 0,2 3,1 0,3 2,1 
2026-06-30 13:32:35.854 13
2,0 3,1 1,0 3,2 0,3 2,1 0,2 1,3 1,2 3,0 
2026-06-30 13:32:35.854 16
0,2 3,1 0,3 2,1 1,0 3,2 1,3 2,0 1,2 3,0 
2026-06-30 13:32:35.854 16
0,2 1,3 1,0 3,2 2,1 3,0 2,0 3,1 0,3 1,2 
2026-06-30 13:32:35.854 14
1,2 3,0 1,0 3,2 2,0 3,1 0,3 2,1 0,2 1,3 
2026-06-30 13:32:35.855 12
0,2 3,1 2,1 3,0 1,3 2,0 1,0 3,2 0,3 1,2 
2026-06-30 13:32:35.855 14
1,3 2,0 1,0 3,2 0,3 2,1 0,2 3,1 1,2 3,0 
2026-06-30 13:32:35.855 12
1,2 3,0 1,0 3,2 2,0 3,1 0,3 2,1 0,2 1,3 
2026-06-30 13:32:35.855 16
1,2 3,0 2,0 3,1 0,3 2,1 1,0 3,2 0,2 1,3 
2026-06-30 13:32:35.855 13
0,2 3,1 2,1 3,0 1,0 3,2 0,3 1,2 1,3 2,0 
2026-06-30 13:32:35.856 17
2,0 3,1 1,2 3,0 1,0 3,2 0,3 2,1 0,2 1,3 
2026-06-30 13:32:35.856 11
2,0 3,1 1,0 3,2 1,2 3,0 0,2 1,3 0,3 2,1 
2026-06-30 13:32:35.856 16
1,3 2,0 1,2 3,0 1,0 3,2 0,2 3,1 0,3 2,1 
2026-06-30 13:32:35.856 16
1,3 2,0 2,1 3,0 1,0 3,2 0,3 1,2 0,2 3,1 
2026-06-30 13:32:35.856 16
0,2 3,1 1,0 3,2 0,3 2,1 1,3 2,0 1,2 3,0 
2026-06-30 13:32:35.857 14
2,0 3,1 1,2 3,0 0,2 1,3 0,3 2,1 1,0 3,2 
2026-06-30 13:32:35.857 18
1,2 3,0 1,3 2,0 0,3 2,1 1,0 3,2 0,2 3,1 
2026-06-30 13:32:35.857 10
1,3 2,0 1,0 3,2 2,1 3,0 0,2 3,1 0,3 1,2 
2026-06-30 13:32:35.857 17
2,0 3,1 0,3 1,2 0,2 1,3 2,1 3,0 1,0 3,2 
2026-06-30 13:32:35.857 15
1,2 3,0 0,2 1,3 0,3 2,1 1,0 3,2 2,0 3,1 
2026-06-30 13:32:35.858 10
2,1 3,0 1,0 3,2 1,3 2,0 0,3 1,2 0,2 3,1 
2026-06-30 13:32:35.858 15
1,3 2,0 0,3 1,2 0,2 3,1 2,1 3,0 1,0 3,2 
2026-06-30 13:32:35.858 10
2,1 3,0 1,3 2,0 1,0 3,2 0,3 1,2 0,2 3,1 
2026-06-30 13:32:35.858 14
2,1 3,0 2,0 3,1 0,3 1,2 0,2 1,3 1,0 3,2 
2026-06-30 13:32:35.858 11
1,3 2,0 2,1 3,0 0,2 3,1 0,3 1,2 1,0 3,2 
2026-06-30 13:32:35.859 11
2,1 3,0 0,2 3,1 0,3 1,2 1,3 2,0 1,0 3,2 
2026-06-30 13:32:35.859 14
1,3 2,0 0,3 1,2 1,0 3,2 0,2 3,1 2,1 3,0 
2026-06-30 13:32:35.859 10
2,1 3,0 2,0 3,1 1,0 3,2 0,2 1,3 0,3 1,2 
2026-06-30 13:32:35.859 14
2,1 3,0 1,3 2,0 0,3 1,2 0,2 3,1 1,0 3,2 
2026-06-30 13:32:35.859 11
2,0 3,1 1,2 3,0 0,2 1,3 0,3 2,1 1,0 3,2 
2026-06-30 13:32:35.860 17
0,2 1,3 1,0 3,2 2,1 3,0 2,0 3,1 0,3 1,2 
2026-06-30 13:32:35.860 14
0,3 2,1 2,0 3,1 1,0 3,2 0,2 1,3 1,2 3,0 
2026-06-30 13:32:35.860 12
2,1 3,0 2,0 3,1 1,0 3,2 0,2 1,3 0,3 1,2 
2026-06-30 13:32:35.860 14
2,1 3,0 0,2 1,3 0,3 1,2 2,0 3,1 1,0 3,2 
2026-06-30 13:32:35.861 10
1,3 2,0 1,0 3,2 1,2 3,0 0,2 3,1 0,3 2,1 
2026-06-30 13:32:35.861 15
1,2 3,0 1,0 3,2 2,0 3,1 0,3 2,1 0,2 1,3 
2026-06-30 13:32:35.861 11
2,1 3,0 0,2 1,3 1,0 3,2 0,3 1,2 2,0 3,1 
2026-06-30 13:32:35.869 12
0,3 1,2 0,2 1,3 1,0 3,2 2,0 3,1 2,1 3,0 
2026-06-30 13:32:35.869 12
2,0 3,1 1,2 3,0 0,2 1,3 0,3 2,1 1,0 3,2 
2026-06-30 13:32:35.869 11
0,2 1,3 1,0 3,2 2,1 3,0 2,0 3,1 0,3 1,2 
2026-06-30 13:32:35.870 13
0,2 1,3 1,0 3,2 0,3 2,1 2,0 3,1 1,2 3,0 
2026-06-30 13:32:35.870 14
2,1 3,0 1,0 3,2 1,3 2,0 0,3 1,2 0,2 3,1 
2026-06-30 13:32:35.870 14
0,3 1,2 0,2 3,1 1,0 3,2 2,1 3,0 1,3 2,0 
2026-06-30 13:32:35.870 12
1,2 3,0 1,0 3,2 0,2 3,1 0,3 2,1 1,3 2,0 
2026-06-30 13:32:35.871 12
2,0 3,1 1,0 3,2 0,3 2,1 0,2 1,3 1,2 3,0 
2026-06-30 13:32:35.871 14
0,2 1,3 1,0 3,2 2,1 3,0 2,0 3,1 0,3 1,2 
2026-06-30 13:32:35.871 14
2,1 3,0 1,3 2,0 1,0 3,2 0,2 3,1 0,3 1,2 
2026-06-30 13:32:35.871 12
2,0 3,1 1,0 3,2 1,2 3,0 0,2 1,3 0,3 2,1 
2026-06-30 13:32:35.871 16
1,2 3,0 1,0 3,2 0,2 3,1 0,3 2,1 1,3 2,0 
2026-06-30 13:32:35.872 13
1,2 3,0 2,0 3,1 0,3 2,1 0,2 1,3 1,0 3,2 
2026-06-30 13:32:35.872 15
1,3 2,0 0,3 1,2 1,0 3,2 2,1 3,0 0,2 3,1 
2026-06-30 13:32:35.872 14
2,0 3,1 1,2 3,0 1,0 3,2 0,2 1,3 0,3 2,1 
2026-06-30 13:32:35.872 16
1,3 2,0 0,3 2,1 0,2 3,1 1,0 3,2 1,2 3,0 
2026-06-30 13:32:35.873 14
2,1 3,0 1,3 2,0 0,3 1,2 0,2 3,1 1,0 3,2 
2026-06-30 13:32:35.873 15
0,2 1,3 2,1 3,0 1,0 3,2 0,3 1,2 2,0 3,1 
2026-06-30 13:32:35.873 15
2,1 3,0 1,0 3,2 0,2 1,3 0,3 1,2 2,0 3,1 
2026-06-30 13:32:35.873 15
1,2 3,0 2,0 3,1 0,3 2,1 0,2 1,3 1,0 3,2 
2026-06-30 13:32:35.873 14
1,2 3,0 0,2 1,3 0,3 2,1 2,0 3,1 1,0 3,2 
2026-06-30 13:32:35.873 15
0,2 3,1 1,2 3,0 1,0 3,2 0,3 2,1 1,3 2,0 
2026-06-30 13:32:35.874 15
1,2 3,0 2,0 3,1 0,3 2,1 0,2 1,3 1,0 3,2 
2026-06-30 13:32:35.874 16
0,2 1,3 1,0 3,2 1,2 3,0 2,0 3,1 0,3 2,1 
2026-06-30 13:32:35.874 18
2,1 3,0 1,0 3,2 1,3 2,0 0,3 1,2 0,2 3,1 
2026-06-30 13:32:35.874 11
2,0 3,1 1,0 3,2 2,1 3,0 0,2 1,3 0,3 1,2 
2026-06-30 13:32:35.874 14
1,3 2,0 0,3 1,2 1,0 3,2 0,2 3,1 2,1 3,0 
2026-06-30 13:32:35.875 14
2,1 3,0 1,0 3,2 1,3 2,0 0,3 1,2 0,2 3,1 
2026-06-30 13:32:35.875 15
0,2 3,1 0,3 1,2 1,0 3,2 2,1 3,0 1,3 2,0 
2026-06-30 13:32:35.875 15
1,3 2,0 2,1 3,0 1,0 3,2 0,3 1,2 0,2 3,1 
2026-06-30 13:32:35.875 13
1,3 2,0 1,0 3,2 2,1 3,0 0,2 3,1 0,3 1,2 
2026-06-30 13:32:35.875 10
1,2 3,0 0,2 1,3 0,3 2,1 2,0 3,1 1,0 3,2 
2026-06-30 13:32:35.876 12
0,3 1,2 2,0 3,1 1,0 3,2 0,2 1,3 2,1 3,0 
2026-06-30 13:32:35.876 15
1,2 3,0 1,0 3,2 1,3 2,0 0,3 2,1 0,2 3,1 
2026-06-30 13:32:35.876 14
1,3 2,0 1,0 3,2 2,1 3,0 0,2 3,1 0,3 1,2 
2026-06-30 13:32:35.876 15
2,0 3,1 0,3 1,2 1,0 3,2 0,2 1,3 2,1 3,0 
2026-06-30 13:32:35.876 12
0,3 2,1 1,0 3,2 1,3 2,0 1,2 3,0 0,2 3,1 
2026-06-30 13:32:35.876 14
0,3 2,1 1,0 3,2 0,2 3,1 1,2 3,0 1,3 2,0 
2026-06-30 13:32:35.877 12
1,2 3,0 1,0 3,2 1,3 2,0 0,3 2,1 0,2 3,1 
2026-06-30 13:32:35.877 13
1,2 3,0 1,0 3,2 2,0 3,1 0,3 2,1 0,2 1,3 
2026-06-30 13:32:35.877 12
2,1 3,0 1,0 3,2 1,3 2,0 0,3 1,2 0,2 3,1 
2026-06-30 13:32:35.877 10
1,3 2,0 1,2 3,0 1,0 3,2 0,2 3,1 0,3 2,1 
2026-06-30 13:32:35.877 19
2,0 3,1 1,0 3,2 1,2 3,0 0,2 1,3 0,3 2,1 
2026-06-30 13:32:35.878 13
1,2 3,0 1,3 2,0 0,3 2,1 0,2 3,1 1,0 3,2 
2026-06-30 13:32:35.878 14
2,1 3,0 0,2 3,1 0,3 1,2 1,0 3,2 1,3 2,0 
2026-06-30 13:32:35.878 11
2,0 3,1 1,0 3,2 1,2 3,0 0,2 1,3 0,3 2,1 
2026-06-30 13:32:35.878 15
1,2 3,0 2,0 3,1 1,0 3,2 0,3 2,1 0,2 1,3 
2026-06-30 13:32:35.878 13
0,2 1,3 2,1 3,0 2,0 3,1 1,0 3,2 0,3 1,2 
2026-06-30 13:32:35.878 13
1,2 3,0 1,3 2,0 1,0 3,2 0,2 3,1 0,3 2,1 
2026-06-30 13:32:35.879 12
1,3 2,0 1,0 3,2 1,2 3,0 0,2 3,1 0,3 2,1 
2026-06-30 13:32:35.879 13
0,2 1,3 2,1 3,0 2,0 3,1 0,3 1,2 1,0 3,2 
2026-06-30 13:32:35.879 11
1,3 2,0 1,0 3,2 0,3 2,1 0,2 3,1 1,2 3,0 
2026-06-30 13:32:35.879 15
0,2 3,1 1,2 3,0 1,3 2,0 0,3 2,1 1,0 3,2 
2026-06-30 13:32:35.880 17
0,3 1,2 1,3 2,0 2,1 3,0 1,0 3,2 0,2 3,1 
2026-06-30 13:32:35.880 12
0,3 2,1 0,2 3,1 1,0 3,2 1,3 2,0 1,2 3,0 
2026-06-30 13:32:35.880 13
2,0 3,1 1,0 3,2 2,1 3,0 0,2 1,3 0,3 1,2 
2026-06-30 13:32:35.880 13
2,1 3,0 1,0 3,2 1,3 2,0 0,3 1,2 0,2 3,1 
2026-06-30 13:32:35.880 16
1,3 2,0 0,3 1,2 0,2 3,1 2,1 3,0 1,0 3,2 
2026-06-30 13:32:35.881 16
1,3 2,0 2,1 3,0 1,0 3,2 0,3 1,2 0,2 3,1 
2026-06-30 13:32:35.881 15
0,2 3,1 1,0 3,2 1,2 3,0 1,3 2,0 0,3 2,1 
2026-06-30 13:32:35.881 13
2,0 3,1 1,0 3,2 0,3 2,1 0,2 1,3 1,2 3,0 
2026-06-30 13:32:35.881 13
0,3 2,1 2,0 3,1 1,2 3,0 1,0 3,2 0,2 1,3 
2026-06-30 13:32:35.881 12
0,3 2,1 1,0 3,2 0,2 1,3 1,2 3,0 2,0 3,1 
2026-06-30 13:32:35.882 16
0,3 1,2 1,3 2,0 2,1 3,0 1,0 3,2 0,2 3,1 
2026-06-30 13:32:35.882 16
2,1 3,0 1,0 3,2 2,0 3,1 0,3 1,2 0,2 1,3 
2026-06-30 13:32:35.882 12
2,1 3,0 1,3 2,0 0,3 1,2 1,0 3,2 0,2 3,1 
2026-06-30 13:32:35.882 16
0,2 1,3 1,2 3,0 2,0 3,1 1,0 3,2 0,3 2,1 
2026-06-30 13:32:35.882 14
2,1 3,0 1,3 2,0 0,3 1,2 0,2 3,1 1,0 3,2 
2026-06-30 13:32:35.883 13
2,0 3,1 1,2 3,0 0,2 1,3 1,0 3,2 0,3 2,1 
2026-06-30 13:32:35.883 15
0,3 1,2 1,3 2,0 2,1 3,0 0,2 3,1 1,0 3,2 
2026-06-30 13:32:35.883 14
0,3 2,1 1,0 3,2 1,3 2,0 1,2 3,0 0,2 3,1 
2026-06-30 13:32:35.883 13
2,1 3,0 1,3 2,0 1,0 3,2 0,2 3,1 0,3 1,2 
2026-06-30 13:32:35.883 17
2,0 3,1 0,3 1,2 1,0 3,2 0,2 1,3 2,1 3,0 
2026-06-30 13:32:35.884 16
0,3 2,1 1,0 3,2 0,2 3,1 1,2 3,0 1,3 2,0 
2026-06-30 13:32:35.884 14
2,1 3,0 2,0 3,1 1,0 3,2 0,2 1,3 0,3 1,2 
2026-06-30 13:32:35.884 14
2,1 3,0 1,0 3,2 0,2 3,1 0,3 1,2 1,3 2,0 
2026-06-30 13:32:35.884 10
0,2 1,3 1,0 3,2 0,3 1,2 2,0 3,1 2,1 3,0 
2026-06-30 13:32:35.885 17
1,2 3,0 1,0 3,2 1,3 2,0 0,3 2,1 0,2 3,1 
2026-06-30 13:32:35.885 13
0,3 1,2 2,0 3,1 1,0 3,2 0,2 1,3 2,1 3,0 
2026-06-30 13:32:35.885 12
1,3 2,0 2,1 3,0 0,2 3,1 1,0 3,2 0,3 1,2 
2026-06-30 13:32:35.885 12
2,0 3,1 2,1 3,0 0,2 1,3 1,0 3,2 0,3 1,2 
2026-06-30 13:32:35.885 12
1,2 3,0 0,2 3,1 1,0 3,2 0,3 2,1 1,3 2,0 
2026-06-30 13:32:35.886 17
0,2 3,1 1,0 3,2 1,2 3,0 1,3 2,0 0,3 2,1 
2026-06-30 13:32:35.886 14
1,2 3,0 2,0 3,1 1,0 3,2 0,3 2,1 0,2 1,3 
2026-06-30 13:32:35.886 13
1,3 2,0 2,1 3,0 1,0 3,2 0,3 1,2 0,2 3,1 
2026-06-30 13:32:35.886 14
0,2 3,1 2,1 3,0 1,3 2,0 0,3 1,2 1,0 3,2 
2026-06-30 13:32:35.887 11
2,0 3,1 1,0 3,2 2,1 3,0 0,2 1,3 0,3 1,2 
2026-06-30 13:32:35.887 11
2,0 3,1 1,2 3,0 1,0 3,2 0,3 2,1 0,2 1,3 
2026-06-30 13:32:35.887 15
2,0 3,1 1,0 3,2 0,3 1,2 0,2 1,3 2,1 3,0 
2026-06-30 13:32:35.887 15
2,0 3,1 1,0 3,2 2,1 3,0 0,2 1,3 0,3 1,2 
2026-06-30 13:32:35.888 13
0,2 3,1 1,0 3,2 0,3 2,1 1,3 2,0 1,2 3,0 
2026-06-30 13:32:35.888 11
1,3 2,0 1,0 3,2 2,1 3,0 0,2 3,1 0,3 1,2 
2026-06-30 13:32:35.888 17
1,2 3,0 2,0 3,1 1,0 3,2 0,2 1,3 0,3 2,1 
2026-06-30 13:32:35.888 12
2,0 3,1 1,0 3,2 2,1 3,0 0,2 1,3 0,3 1,2 
2026-06-30 13:32:35.889 14
0,3 2,1 1,0 3,2 0,2 1,3 1,2 3,0 2,0 3,1 
2026-06-30 13:32:35.889 15
0,2 3,1 1,2 3,0 1,3 2,0 0,3 2,1 1,0 3,2 
2026-06-30 13:32:35.889 16
1,3 2,0 2,1 3,0 0,2 3,1 1,0 3,2 0,3 1,2 
2026-06-30 13:32:35.889 13
0,3 1,2 1,0 3,2 2,0 3,1 2,1 3,0 0,2 1,3 
2026-06-30 13:32:35.890 14
0,2 1,3 0,3 1,2 2,0 3,1 1,0 3,2 2,1 3,0 
2026-06-30 13:32:35.890 13
1,3 2,0 1,0 3,2 2,1 3,0 0,2 3,1 0,3 1,2 
2026-06-30 13:32:35.890 13
1,2 3,0 1,0 3,2 0,2 3,1 0,3 2,1 1,3 2,0 
2026-06-30 13:32:35.891 12
0,2 1,3 0,3 2,1 2,0 3,1 1,2 3,0 1,0 3,2 
2026-06-30 13:32:35.891 16
1,2 3,0 0,2 3,1 0,3 2,1 1,3 2,0 1,0 3,2 
2026-06-30 13:32:35.891 16
1,2 3,0 1,0 3,2 2,0 3,1 0,3 2,1 0,2 1,3 
2026-06-30 13:32:35.891 14
1,3 2,0 1,2 3,0 0,2 3,1 1,0 3,2 0,3 2,1 
2026-06-30 13:32:35.892 10
1,3 2,0 1,0 3,2 1,2 3,0 0,2 3,1 0,3 2,1 
2026-06-30 13:32:35.892 12
0,3 1,2 1,0 3,2 2,0 3,1 2,1 3,0 0,2 1,3 
2026-06-30 13:32:35.892 13
1,3 2,0 1,2 3,0 1,0 3,2 0,2 3,1 0,3 2,1 
2026-06-30 13:32:35.892 16
0,3 1,2 1,3 2,0 1,0 3,2 0,2 3,1 2,1 3,0 
2026-06-30 13:32:35.893 14
1,2 3,0 1,0 3,2 1,3 2,0 0,3 2,1 0,2 3,1 
2026-06-30 13:32:35.893 11
0,2 3,1 1,0 3,2 1,2 3,0 1,3 2,0 0,3 2,1 
2026-06-30 13:32:35.893 10
1,2 3,0 0,2 3,1 0,3 2,1 1,0 3,2 1,3 2,0 
2026-06-30 13:32:35.894 13
0,2 3,1 0,3 2,1 1,3 2,0 1,2 3,0 1,0 3,2 
2026-06-30 13:32:35.894 13
2,0 3,1 1,0 3,2 1,2 3,0 0,2 1,3 0,3 2,1 
2026-06-30 13:32:35.894 12
1,2 3,0 1,0 3,2 2,0 3,1 0,3 2,1 0,2 1,3 
2026-06-30 13:32:35.894 14
0,2 1,3 1,2 3,0 1,0 3,2 0,3 2,1 2,0 3,1 
2026-06-30 13:32:35.895 16
1,2 3,0 0,2 3,1 0,3 2,1 1,3 2,0 1,0 3,2 
2026-06-30 13:32:35.895 15
0,3 1,2 2,0 3,1 2,1 3,0 1,0 3,2 0,2 1,3 
2026-06-30 13:32:35.895 12
1,3 2,0 2,1 3,0 0,2 3,1 0,3 1,2 1,0 3,2 
2026-06-30 13:32:35.895 13
0,2 3,1 1,2 3,0 1,0 3,2 0,3 2,1 1,3 2,0 
2026-06-30 13:32:35.896 11
1,3 2,0 0,3 1,2 0,2 3,1 1,0 3,2 2,1 3,0 
2026-06-30 13:32:35.897 10
1,2 3,0 2,0 3,1 0,3 2,1 0,2 1,3 1,0 3,2 
2026-06-30 13:32:35.897 11
2,0 3,1 1,0 3,2 0,3 2,1 0,2 1,3 1,2 3,0 
2026-06-30 13:32:35.898 13
2,1 3,0 1,0 3,2 2,0 3,1 0,3 1,2 0,2 1,3 
2026-06-30 13:32:35.898 15
0,3 1,2 1,0 3,2 0,2 3,1 2,1 3,0 1,3 2,0 
2026-06-30 13:32:35.898 11
2,1 3,0 1,3 2,0 1,0 3,2 0,3 1,2 0,2 3,1 
2026-06-30 13:32:35.898 13
2,1 3,0 0,2 1,3 0,3 1,2 2,0 3,1 1,0 3,2 
2026-06-30 13:32:35.899 14
2,0 3,1 1,2 3,0 1,0 3,2 0,3 2,1 0,2 1,3 
2026-06-30 13:32:35.899 13
2,0 3,1 1,0 3,2 2,1 3,0 0,2 1,3 0,3 1,2 
2026-06-30 13:32:35.899 14
0,2 1,3 1,2 3,0 2,0 3,1 1,0 3,2 0,3 2,1 
2026-06-30 13:32:35.900 13
2,1 3,0 1,0 3,2 1,3 2,0 0,3 1,2 0,2 3,1 
2026-06-30 13:32:35.900 12
2,1 3,0 1,0 3,2 2,0 3,1 0,3 1,2 0,2 1,3 
2026-06-30 13:32:35.900 15
0,3 1,2 1,0 3,2 0,2 3,1 2,1 3,0 1,3 2,0 
2026-06-30 13:32:35.900 14
0,2 1,3 2,1 3,0 2,0 3,1 1,0 3,2 0,3 1,2 
2026-06-30 13:32:35.901 11
0,2 1,3 1,0 3,2 0,3 1,2 2,0 3,1 2,1 3,0 
2026-06-30 13:32:35.901 14
1,2 3,0 1,0 3,2 1,3 2,0 0,3 2,1 0,2 3,1 
2026-06-30 13:32:35.901 10
1,3 2,0 1,2 3,0 1,0 3,2 0,3 2,1 0,2 3,1 
2026-06-30 13:32:35.901 14
0,2 3,1 1,0 3,2 0,3 1,2 1,3 2,0 2,1 3,0 
2026-06-30 13:32:35.902 13
2,0 3,1 2,1 3,0 1,0 3,2 0,3 1,2 0,2 1,3 
2026-06-30 13:32:35.902 17
0,2 1,3 1,0 3,2 1,2 3,0 2,0 3,1 0,3 2,1 
2026-06-30 13:32:35.902 16
0,2 3,1 2,1 3,0 1,0 3,2 0,3 1,2 1,3 2,0 
2026-06-30 13:32:35.903 11
0,2 1,3 1,0 3,2 1,2 3,0 2,0 3,1 0,3 2,1 
2026-06-30 13:32:35.903 13
2,0 3,1 1,0 3,2 0,3 2,1 0,2 1,3 1,2 3,0 
2026-06-30 13:32:35.903 14
1,2 3,0 1,3 2,0 0,3 2,1 1,0 3,2 0,2 3,1 
2026-06-30 13:32:35.903 14
2,0 3,1 1,0 3,2 1,2 3,0 0,2 1,3 0,3 2,1 
2026-06-30 13:32:35.904 14
1,2 3,0 1,0 3,2 1,3 2,0 0,3 2,1 0,2 3,1 
2026-06-30 13:32:35.904 14
2,0 3,1 0,3 1,2 0,2 1,3 2,1 3,0 1,0 3,2 
2026-06-30 13:32:35.904 13
1,2 3,0 2,0 3,1 1,0 3,2 0,2 1,3 0,3 2,1 
2026-06-30 13:32:35.904 14
1,2 3,0 0,2 3,1 0,3 2,1 1,0 3,2 1,3 2,0 
2026-06-30 13:32:35.905 12
1,2 3,0 1,0 3,2 1,3 2,0 0,3 2,1 0,2 3,1 
2026-06-30 13:32:35.905 11
0,3 2,1 0,2 3,1 1,0 3,2 1,3 2,0 1,2 3,0 
2026-06-30 13:32:35.905 17
0,3 2,1 1,0 3,2 1,3 2,0 1,2 3,0 0,2 3,1 
2026-06-30 13:32:35.906 12
0,3 1,2 0,2 3,1 1,0 3,2 1,3 2,0 2,1 3,0 
2026-06-30 13:32:35.906 16
1,2 3,0 2,0 3,1 0,3 2,1 1,0 3,2 0,2 1,3 
2026-06-30 13:32:35.906 14
2,0 3,1 1,0 3,2 1,2 3,0 0,2 1,3 0,3 2,1 
2026-06-30 13:32:35.906 13
1,3 2,0 0,3 1,2 0,2 3,1 1,0 3,2 2,1 3,0 
2026-06-30 13:32:35.907 13
1,2 3,0 1,0 3,2 2,0 3,1 0,3 2,1 0,2 1,3 
2026-06-30 13:32:35.907 11
0,2 1,3 1,0 3,2 0,3 1,2 2,0 3,1 2,1 3,0 
2026-06-30 13:32:35.907 18
1,2 3,0 2,0 3,1 1,0 3,2 0,2 1,3 0,3 2,1 
2026-06-30 13:32:35.907 10
2,0 3,1 2,1 3,0 0,2 1,3 1,0 3,2 0,3 1,2 
2026-06-30 13:32:35.908 14
2,1 3,0 1,0 3,2 1,3 2,0 0,3 1,2 0,2 3,1 
2026-06-30 13:32:35.908 15
1,2 3,0 1,0 3,2 2,0 3,1 0,3 2,1 0,2 1,3 
2026-06-30 13:32:35.908 16
2,0 3,1 1,0 3,2 0,3 1,2 0,2 1,3 2,1 3,0 
2026-06-30 13:32:35.909 16
1,3 2,0 1,0 3,2 2,1 3,0 0,2 3,1 0,3 1,2 
2026-06-30 13:32:35.909 17
0,2 3,1 1,0 3,2 2,1 3,0 1,3 2,0 0,3 1,2 
2026-06-30 13:32:35.909 17
1,3 2,0 2,1 3,0 0,2 3,1 0,3 1,2 1,0 3,2 
2026-06-30 13:32:35.909 13
0,3 2,1 1,0 3,2 1,3 2,0 1,2 3,0 0,2 3,1 
2026-06-30 13:32:35.910 14
0,2 3,1 0,3 2,1 1,0 3,2 1,3 2,0 1,2 3,0 
2026-06-30 13:32:35.910 14
1,3 2,0 1,2 3,0 1,0 3,2 0,3 2,1 0,2 3,1 
2026-06-30 13:32:35.910 13
2,0 3,1 0,3 1,2 1,0 3,2 0,2 1,3 2,1 3,0 
2026-06-30 13:32:35.910 14
1,3 2,0 0,3 2,1 0,2 3,1 1,0 3,2 1,2 3,0 
2026-06-30 13:32:35.911 17
1,2 3,0 1,0 3,2 1,3 2,0 0,3 2,1 0,2 3,1 
2026-06-30 13:32:35.911 12
2,1 3,0 0,2 3,1 0,3 1,2 1,0 3,2 1,3 2,0 
2026-06-30 13:32:35.911 14
0,2 1,3 2,1 3,0 2,0 3,1 1,0 3,2 0,3 1,2 
2026-06-30 13:32:35.911 16
0,2 1,3 1,0 3,2 0,3 1,2 2,0 3,1 2,1 3,0 
2026-06-30 13:32:35.912 15
2,1 3,0 1,0 3,2 0,2 3,1 0,3 1,2 1,3 2,0 
2026-06-30 13:32:35.912 12
0,2 3,1 1,0 3,2 2,1 3,0 1,3 2,0 0,3 1,2 
2026-06-30 13:32:35.912 10
0,3 1,2 1,3 2,0 2,1 3,0 0,2 3,1 1,0 3,2 
2026-06-30 13:32:35.912 12
2,1 3,0 1,0 3,2 1,3 2,0 0,3 1,2 0,2 3,1 
2026-06-30 13:32:35.913 12
1,2 3,0 0,2 1,3 0,3 2,1 2,0 3,1 1,0 3,2 
2026-06-30 13:32:35.913 13
1,3 2,0 0,3 2,1 0,2 3,1 1,0 3,2 1,2 3,0 
2026-06-30 13:32:35.913 11
1,2 3,0 1,3 2,0 1,0 3,2 0,2 3,1 0,3 2,1 
2026-06-30 13:32:35.914 14
1,3 2,0 2,1 3,0 1,0 3,2 0,3 1,2 0,2 3,1 
2026-06-30 13:32:35.914 15
0,3 1,2 0,2 3,1 2,1 3,0 1,0 3,2 1,3 2,0 
2026-06-30 13:32:35.914 14
2,0 3,1 0,3 2,1 0,2 1,3 1,0 3,2 1,2 3,0 
2026-06-30 13:32:35.914 12
1,2 3,0 1,0 3,2 0,2 1,3 0,3 2,1 2,0 3,1 
2026-06-30 13:32:35.915 14
2,0 3,1 0,3 1,2 1,0 3,2 2,1 3,0 0,2 1,3 
2026-06-30 13:32:35.915 13
1,2 3,0 0,2 1,3 0,3 2,1 2,0 3,1 1,0 3,2 
2026-06-30 13:32:35.915 17
1,2 3,0 1,0 3,2 1,3 2,0 0,3 2,1 0,2 3,1 
2026-06-30 13:32:35.915 10
2,0 3,1 2,1 3,0 1,0 3,2 0,3 1,2 0,2 1,3 
2026-06-30 13:32:35.916 13
0,3 2,1 1,0 3,2 0,2 3,1 1,2 3,0 1,3 2,0 
2026-06-30 13:32:35.916 15
0,3 2,1 2,0 3,1 1,2 3,0 0,2 1,3 1,0 3,2 
2026-06-30 13:32:35.916 17
1,3 2,0 0,3 1,2 1,0 3,2 2,1 3,0 0,2 3,1 
2026-06-30 13:32:35.916 12
2,0 3,1 1,0 3,2 1,2 3,0 0,2 1,3 0,3 2,1 
2026-06-30 13:32:35.917 13
2,0 3,1 0,3 2,1 1,0 3,2 1,2 3,0 0,2 1,3 
2026-06-30 13:32:35.917 13
2,1 3,0 1,0 3,2 2,0 3,1 0,3 1,2 0,2 1,3 
2026-06-30 13:32:35.917 14
2,1 3,0 1,3 2,0 0,3 1,2 0,2 3,1 1,0 3,2 
2026-06-30 13:32:35.917 13
0,2 3,1 1,0 3,2 0,3 2,1 1,3 2,0 1,2 3,0 
2026-06-30 13:32:35.918 14
0,3 2,1 1,0 3,2 1,3 2,0 1,2 3,0 0,2 3,1 
2026-06-30 13:32:35.918 16
0,3 2,1 1,3 2,0 1,2 3,0 0,2 3,1 1,0 3,2 
2026-06-30 13:32:35.918 11
0,2 3,1 2,1 3,0 1,0 3,2 0,3 1,2 1,3 2,0 
2026-06-30 13:32:35.918 15
2,1 3,0 1,0 3,2 2,0 3,1 0,3 1,2 0,2 1,3 
2026-06-30 13:32:35.919 11
2,1 3,0 1,0 3,2 1,3 2,0 0,3 1,2 0,2 3,1 
2026-06-30 13:32:35.919 10
0,3 2,1 2,0 3,1 1,0 3,2 0,2 1,3 1,2 3,0 
2026-06-30 13:32:35.919 13
0,3 2,1 0,2 3,1 1,0 3,2 1,2 3,0 1,3 2,0 
2026-06-30 13:32:35.919 11
2,1 3,0 1,0 3,2 0,2 1,3 0,3 1,2 2,0 3,1 
2026-06-30 13:32:35.920 15
2,1 3,0 0,2 3,1 0,3 1,2 1,3 2,0 1,0 3,2 
2026-06-30 13:32:35.920 15
2,0 3,1 0,3 2,1 0,2 1,3 1,0 3,2 1,2 3,0 
2026-06-30 13:32:35.920 13
0,2 3,1 1,2 3,0 1,3 2,0 0,3 2,1 1,0 3,2 
2026-06-30 13:32:35.920 14
1,2 3,0 1,0 3,2 2,0 3,1 0,3 2,1 0,2 1,3 
2026-06-30 13:32:35.921 11
0,2 1,3 1,2 3,0 2,0 3,1 0,3 2,1 1,0 3,2 
2026-06-30 13:32:35.921 12
1,3 2,0 1,0 3,2 1,2 3,0 0,2 3,1 0,3 2,1 
2026-06-30 13:32:35.921 13
2,0 3,1 1,2 3,0 1,0 3,2 0,3 2,1 0,2 1,3 
2026-06-30 13:32:35.921 15
0,3 1,2 2,0 3,1 1,0 3,2 0,2 1,3 2,1 3,0 
2026-06-30 13:32:35.922 17
0,3 1,2 1,0 3,2 0,2 3,1 2,1 3,0 1,3 2,0 
2026-06-30 13:32:35.922 17
1,3 2,0 1,0 3,2 1,2 3,0 0,2 3,1 0,3 2,1 
2026-06-30 13:32:35.922 17
2,1 3,0 2,0 3,1 0,3 1,2 1,0 3,2 0,2 1,3 
2026-06-30 13:32:35.923 13
1,3 2,0 2,1 3,0 0,2 3,1 0,3 1,2 1,0 3,2 
2026-06-30 13:32:35.923 16
1,3 2,0 1,0 3,2 0,3 2,1 0,2 3,1 1,2 3,0 
2026-06-30 13:32:35.923 17
0,3 2,1 1,0 3,2 1,3 2,0 1,2 3,0 0,2 3,1 
2026-06-30 13:32:35.923 12
1,3 2,0 1,2 3,0 1,0 3,2 0,2 3,1 0,3 2,1 
2026-06-30 13:32:35.924 16
2,1 3,0 2,0 3,1 0,3 1,2 0,2 1,3 1,0 3,2 
2026-06-30 13:32:35.924 12
0,2 3,1 2,1 3,0 1,3 2,0 1,0 3,2 0,3 1,2 
2026-06-30 13:32:35.924 13
0,2 1,3 0,3 2,1 1,0 3,2 1,2 3,0 2,0 3,1 
2026-06-30 13:32:35.925 13
1,3 2,0 2,1 3,0 1,0 3,2 0,2 3,1 0,3 1,2 
2026-06-30 13:32:35.925 11
1,3 2,0 1,0 3,2 0,3 2,1 0,2 3,1 1,2 3,0 
2026-06-30 13:32:35.925 16
1,2 3,0 1,0 3,2 2,0 3,1 0,3 2,1 0,2 1,3 
2026-06-30 13:32:35.925 11
1,2 3,0 2,0 3,1 0,3 2,1 0,2 1,3 1,0 3,2 
2026-06-30 13:32:35.926 11
2,1 3,0 1,0 3,2 0,2 3,1 0,3 1,2 1,3 2,0 
2026-06-30 13:32:35.926 16
1,2 3,0 1,3 2,0 0,3 2,1 1,0 3,2 0,2 3,1 
2026-06-30 13:32:35.926 15
2,0 3,1 0,3 2,1 0,2 1,3 1,2 3,0 1,0 3,2 
2026-06-30 13:32:35.927 15
1,2 3,0 2,0 3,1 1,0 3,2 0,3 2,1 0,2 1,3 
2026-06-30 13:32:35.927 12
2,0 3,1 0,3 2,1 0,2 1,3 1,2 3,0 1,0 3,2 
2026-06-30 13:32:35.927 13
0,3 1,2 1,0 3,2 1,3 2,0 2,1 3,0 0,2 3,1 
2026-06-30 13:32:35.927 12
1,2 3,0 1,3 2,0 1,0 3,2 0,2 3,1 0,3 2,1 
2026-06-30 13:32:35.928 15
1,2 3,0 2,0 3,1 1,0 3,2 0,2 1,3 0,3 2,1 
2026-06-30 13:32:35.928 12
2,0 3,1 1,2 3,0 1,0 3,2 0,3 2,1 0,2 1,3 
2026-06-30 13:32:35.928 12
1,3 2,0 1,0 3,2 1,2 3,0 0,2 3,1 0,3 2,1 
2026-06-30 13:32:35.928 13
2,0 3,1 1,0 3,2 2,1 3,0 0,2 1,3 0,3 1,2 
2026-06-30 13:32:35.929 15
2,1 3,0 2,0 3,1 0,3 1,2 1,0 3,2 0,2 1,3 
2026-06-30 13:32:35.929 11
1,3 2,0 2,1 3,0 0,2 3,1 0,3 1,2 1,0 3,2 
2026-06-30 13:32:35.930 12
0,3 2,1 1,3 2,0 1,2 3,0 1,0 3,2 0,2 3,1 
2026-06-30 13:32:35.930 13
2,1 3,0 0,2 3,1 0,3 1,2 1,0 3,2 1,3 2,0 
2026-06-30 13:32:35.930 16
1,3 2,0 1,2 3,0 0,2 3,1 1,0 3,2 0,3 2,1 
2026-06-30 13:32:35.931 13
2,1 3,0 2,0 3,1 0,3 1,2 0,2 1,3 1,0 3,2 
2026-06-30 13:32:35.931 16
1,3 2,0 1,0 3,2 1,2 3,0 0,2 3,1 0,3 2,1 
2026-06-30 13:32:35.931 10
1,3 2,0 2,1 3,0 1,0 3,2 0,3 1,2 0,2 3,1 
2026-06-30 13:32:35.931 14
1,2 3,0 1,0 3,2 0,2 3,1 0,3 2,1 1,3 2,0 
2026-06-30 13:32:35.932 15
1,3 2,0 1,0 3,2 2,1 3,0 0,2 3,1 0,3 1,2 
2026-06-30 13:32:35.932 11
0,2 3,1 0,3 2,1 1,0 3,2 1,2 3,0 1,3 2,0 
2026-06-30 13:32:35.932 11
2,0 3,1 1,2 3,0 0,2 1,3 0,3 2,1 1,0 3,2 
2026-06-30 13:32:35.933 16
1,2 3,0 2,0 3,1 0,3 2,1 1,0 3,2 0,2 1,3 
2026-06-30 13:32:35.933 14
0,3 2,1 2,0 3,1 1,2 3,0 1,0 3,2 0,2 1,3 
2026-06-30 13:32:35.933 15
1,2 3,0 1,0 3,2 1,3 2,0 0,3 2,1 0,2 3,1 
2026-06-30 13:32:35.933 17
1,3 2,0 2,1 3,0 1,0 3,2 0,2 3,1 0,3 1,2 
2026-06-30 13:32:35.934 10
1,2 3,0 1,0 3,2 2,0 3,1 0,3 2,1 0,2 1,3 
2026-06-30 13:32:35.934 14
1,2 3,0 0,2 3,1 1,0 3,2 1,3 2,0 0,3 2,1 
2026-06-30 13:32:35.934 13
0,2 3,1 1,2 3,0 1,0 3,2 0,3 2,1 1,3 2,0 
2026-06-30 13:32:35.934 12
0,2 3,1 1,2 3,0 1,0 3,2 1,3 2,0 0,3 2,1 
2026-06-30 13:32:35.935 12
0,3 2,1 1,0 3,2 0,2 3,1 1,2 3,0 1,3 2,0 
2026-06-30 13:32:35.935 10
2,0 3,1 1,0 3,2 2,1 3,0 0,2 1,3 0,3 1,2 
2026-06-30 13:32:35.935 14
0,2 3,1 0,3 1,2 1,0 3,2 2,1 3,0 1,3 2,0 
2026-06-30 13:32:35.935 14
2,1 3,0 1,3 2,0 1,0 3,2 0,2 3,1 0,3 1,2 
2026-06-30 13:32:35.936 12
1,2 3,0 1,3 2,0 1,0 3,2 0,3 2,1 0,2 3,1 
2026-06-30 13:32:35.936 10
0,3 1,2 1,3 2,0 1,0 3,2 0,2 3,1 2,1 3,0 
2026-06-30 13:32:35.936 12
1,3 2,0 2,1 3,0 1,0 3,2 0,2 3,1 0,3 1,2 
2026-06-30 13:32:35.937 13
2,0 3,1 2,1 3,0 1,0 3,2 0,2 1,3 0,3 1,2 
2026-06-30 13:32:35.937 16
0,2 3,1 2,1 3,0 1,3 2,0 1,0 3,2 0,3 1,2 
2026-06-30 13:32:35.937 13
1,3 2,0 0,3 2,1 0,2 3,1 1,0 3,2 1,2 3,0 
2026-06-30 13:32:35.937 15
1,3 2,0 0,3 2,1 0,2 3,1 1,2 3,0 1,0 3,2 
2026-06-30 13:32:35.938 11
1,2 3,0 1,0 3,2 0,2 1,3 0,3 2,1 2,0 3,1 
2026-06-30 13:32:35.938 13
0,2 3,1 1,0 3,2 2,1 3,0 1,3 2,0 0,3 1,2 
2026-06-30 13:32:35.938 17
1,3 2,0 1,0 3,2 0,3 1,2 0,2 3,1 2,1 3,0 
2026-06-30 13:32:35.938 10
2,1 3,0 2,0 3,1 1,0 3,2 0,2 1,3 0,3 1,2 
2026-06-30 13:32:35.939 12
0,2 3,1 1,0 3,2 0,3 1,2 1,3 2,0 2,1 3,0 
2026-06-30 13:32:35.939 12
1,2 3,0 2,0 3,1 1,0 3,2 0,2 1,3 0,3 2,1 
2026-06-30 13:32:35.939 15
2,0 3,1 1,0 3,2 1,2 3,0 0,2 1,3 0,3 2,1 
2026-06-30 13:32:35.939 14
1,2 3,0 0,2 1,3 1,0 3,2 2,0 3,1 0,3 2,1 
2026-06-30 13:32:35.940 11
2,0 3,1 1,2 3,0 0,2 1,3 1,0 3,2 0,3 2,1 
2026-06-30 13:32:35.940 11
1,2 3,0 1,0 3,2 0,2 1,3 0,3 2,1 2,0 3,1 
2026-06-30 13:32:35.940 13
1,3 2,0 1,0 3,2 0,3 1,2 0,2 3,1 2,1 3,0 
2026-06-30 13:32:35.940 16
2,0 3,1 1,0 3,2 2,1 3,0 0,2 1,3 0,3 1,2 
2026-06-30 13:32:35.941 13
2,0 3,1 2,1 3,0 0,2 1,3 1,0 3,2 0,3 1,2 
2026-06-30 13:32:35.941 12
2,0 3,1 1,0 3,2 2,1 3,0 0,2 1,3 0,3 1,2 
2026-06-30 13:32:35.941 15
0,2 1,3 1,0 3,2 0,3 1,2 2,0 3,1 2,1 3,0 
2026-06-30 13:32:35.941 15
1,3 2,0 0,3 1,2 0,2 3,1 2,1 3,0 1,0 3,2 
2026-06-30 13:32:35.942 15
0,3 1,2 2,0 3,1 2,1 3,0 0,2 1,3 1,0 3,2 
2026-06-30 13:32:35.942 11
2,1 3,0 2,0 3,1 0,3 1,2 1,0 3,2 0,2 1,3 
2026-06-30 13:32:35.942 15
0,2 3,1 1,0 3,2 2,1 3,0 1,3 2,0 0,3 1,2 
2026-06-30 13:32:35.942 19
2,1 3,0 1,3 2,0 0,3 1,2 1,0 3,2 0,2 3,1 
2026-06-30 13:32:35.942 14
0,2 3,1 1,0 3,2 1,2 3,0 1,3 2,0 0,3 2,1 
2026-06-30 13:32:35.943 16
2,1 3,0 2,0 3,1 0,3 1,2 0,2 1,3 1,0 3,2 
2026-06-30 13:32:35.943 13
0,2 3,1 0,3 2,1 1,0 3,2 1,2 3,0 1,3 2,0 
2026-06-30 13:32:35.943 15
1,3 2,0 0,3 1,2 1,0 3,2 0,2 3,1 2,1 3,0 
2026-06-30 13:32:35.943 12
2,1 3,0 1,0 3,2 0,2 1,3 0,3 1,2 2,0 3,1 
2026-06-30 13:32:35.944 12
0,2 1,3 2,1 3,0 1,0 3,2 0,3 1,2 2,0 3,1 
2026-06-30 13:32:35.944 12
0,3 2,1 1,3 2,0 1,0 3,2 0,2 3,1 1,2 3,0 
2026-06-30 13:32:35.944 14
2,1 3,0 1,3 2,0 1,0 3,2 0,2 3,1 0,3 1,2 
2026-06-30 13:32:35.944 15
2,1 3,0 0,2 3,1 0,3 1,2 1,3 2,0 1,0 3,2 
2026-06-30 13:32:35.945 13
0,3 2,1 1,0 3,2 1,3 2,0 1,2 3,0 0,2 3,1 
2026-06-30 13:32:35.945 10
2,1 3,0 1,3 2,0 1,0 3,2 0,2 3,1 0,3 1,2 
2026-06-30 13:32:35.945 17
1,2 3,0 1,3 2,0 1,0 3,2 0,2 3,1 0,3 2,1 
2026-06-30 13:32:35.945 18
1,2 3,0 1,3 2,0 1,0 3,2 0,3 2,1 0,2 3,1 
2026-06-30 13:32:35.946 11
0,3 2,1 0,2 1,3 1,2 3,0 2,0 3,1 1,0 3,2 
2026-06-30 13:32:35.946 11
1,2 3,0 1,0 3,2 1,3 2,0 0,3 2,1 0,2 3,1 
2026-06-30 13:32:35.946 16
0,3 1,2 1,0 3,2 1,3 2,0 2,1 3,0 0,2 3,1 
2026-06-30 13:32:35.946 15
1,2 3,0 0,2 1,3 1,0 3,2 2,0 3,1 0,3 2,1 
2026-06-30 13:32:35.946 11
1,3 2,0 1,0 3,2 2,1 3,0 0,2 3,1 0,3 1,2 
2026-06-30 13:32:35.947 12
1,2 3,0 1,3 2,0 0,3 2,1 0,2 3,1 1,0 3,2 
2026-06-30 13:32:35.947 17
0,2 3,1 1,0 3,2 0,3 2,1 1,3 2,0 1,2 3,0 
2026-06-30 13:32:35.947 16
1,3 2,0 2,1 3,0 0,2 3,1 1,0 3,2 0,3 1,2 
2026-06-30 13:32:35.947 10
0,3 2,1 1,0 3,2 2,0 3,1 1,2 3,0 0,2 1,3 
2026-06-30 13:32:35.948 10
2,1 3,0 1,0 3,2 1,3 2,0 0,3 1,2 0,2 3,1 
2026-06-30 13:32:35.948 17
1,2 3,0 1,3 2,0 0,3 2,1 0,2 3,1 1,0 3,2 
2026-06-30 13:32:35.948 14
0,3 1,2 1,0 3,2 2,0 3,1 2,1 3,0 0,2 1,3 
2026-06-30 13:32:35.948 15
0,2 3,1 0,3 1,2 1,3 2,0 1,0 3,2 2,1 3,0 
2026-06-30 13:32:35.948 10
0,3 1,2 0,2 1,3 2,1 3,0 2,0 3,1 1,0 3,2 
2026-06-30 13:32:35.949 14
2,0 3,1 1,2 3,0 0,2 1,3 1,0 3,2 0,3 2,1 
2026-06-30 13:32:35.949 13
2,1 3,0 1,3 2,0 1,0 3,2 0,2 3,1 0,3 1,2 
2026-06-30 13:32:35.949 13
2,1 3,0 1,3 2,0 1,0 3,2 0,2 3,1 0,3 1,2 
2026-06-30 13:32:35.949 13
2,0 3,1 1,0 3,2 1,2 3,0 0,2 1,3 0,3 2,1 
2026-06-30 13:32:35.949 15
0,2 1,3 2,1 3,0 2,0 3,1 1,0 3,2 0,3 1,2 
2026-06-30 13:32:35.950 16
1,3 2,0 2,1 3,0 0,2 3,1 1,0 3,2 0,3 1,2 
2026-06-30 13:32:35.950 11
1,2 3,0 1,0 3,2 2,0 3,1 0,3 2,1 0,2 1,3 
2026-06-30 13:32:35.950 13
1,3 2,0 1,2 3,0 0,2 3,1 0,3 2,1 1,0 3,2 
2026-06-30 13:32:35.950 16
2,0 3,1 1,2 3,0 1,0 3,2 0,2 1,3 0,3 2,1 
2026-06-30 13:32:35.951 11
1,2 3,0 1,0 3,2 2,0 3,1 0,3 2,1 0,2 1,3 
2026-06-30 13:32:35.951 11
2,0 3,1 1,2 3,0 0,2 1,3 0,3 2,1 1,0 3,2 
2026-06-30 13:32:35.951 18
1,3 2,0 1,0 3,2 0,3 1,2 0,2 3,1 2,1 3,0 
2026-06-30 13:32:35.951 13
0,3 1,2 1,0 3,2 1,3 2,0 2,1 3,0 0,2 3,1 
2026-06-30 13:32:35.951 11
2,1 3,0 0,2 1,3 0,3 1,2 2,0 3,1 1,0 3,2 
2026-06-30 13:32:35.951 13
1,2 3,0 1,0 3,2 1,3 2,0 0,3 2,1 0,2 3,1 
2026-06-30 13:32:35.952 14
0,3 1,2 2,0 3,1 1,0 3,2 0,2 1,3 2,1 3,0 
2026-06-30 13:32:35.952 12
1,3 2,0 1,0 3,2 2,1 3,0 0,2 3,1 0,3 1,2 
2026-06-30 13:32:35.952 15
0,3 2,1 1,3 2,0 1,0 3,2 1,2 3,0 0,2 3,1 
2026-06-30 13:32:35.952 14
2,0 3,1 2,1 3,0 0,2 1,3 0,3 1,2 1,0 3,2 
2026-06-30 13:32:35.952 11
2,0 3,1 2,1 3,0 0,2 1,3 0,3 1,2 1,0 3,2 
2026-06-30 13:32:35.953 17
1,3 2,0 0,3 2,1 1,0 3,2 1,2 3,0 0,2 3,1 
2026-06-30 13:32:35.953 12
1,3 2,0 1,2 3,0 1,0 3,2 0,3 2,1 0,2 3,1 
2026-06-30 13:32:35.953 11
2,1 3,0 1,3 2,0 0,3 1,2 1,0 3,2 0,2 3,1 
2026-06-30 13:32:35.953 10
2,1 3,0 0,2 1,3 0,3 1,2 2,0 3,1 1,0 3,2 
2026-06-30 13:32:35.953 15
0,3 1,2 1,3 2,0 1,0 3,2 2,1 3,0 0,2 3,1 
2026-06-30 13:32:35.953 12
1,2 3,0 1,3 2,0 1,0 3,2 0,3 2,1 0,2 3,1 
2026-06-30 13:32:35.954 14
0,2 3,1 2,1 3,0 1,0 3,2 0,3 1,2 1,3 2,0 
2026-06-30 13:32:35.954 12
2,1 3,0 2,0 3,1 0,3 1,2 0,2 1,3 1,0 3,2 
2026-06-30 13:32:35.954 14
2,1 3,0 2,0 3,1 1,0 3,2 0,2 1,3 0,3 1,2 
2026-06-30 13:32:35.954 12
2,1 3,0 0,2 1,3 1,0 3,2 0,3 1,2 2,0 3,1 
2026-06-30 13:32:35.954 14
1,2 3,0 0,2 3,1 0,3 2,1 1,0 3,2 1,3 2,0 
2026-06-30 13:32:35.955 11
1,2 3,0 1,0 3,2 2,0 3,1 0,3 2,1 0,2 1,3 
2026-06-30 13:32:35.955 13
2,0 3,1 0,3 2,1 0,2 1,3 1,0 3,2 1,2 3,0 
2026-06-30 13:32:35.955 15
0,3 2,1 2,0 3,1 1,2 3,0 0,2 1,3 1,0 3,2 
2026-06-30 13:32:35.955 11
2,1 3,0 2,0 3,1 0,3 1,2 0,2 1,3 1,0 3,2 
2026-06-30 13:32:35.955 15
1,2 3,0 1,0 3,2 0,2 3,1 0,3 2,1 1,3 2,0 
2026-06-30 13:32:35.956 15
0,3 1,2 0,2 3,1 2,1 3,0 1,0 3,2 1,3 2,0 
2026-06-30 13:32:35.956 15
1,3 2,0 2,1 3,0 0,2 3,1 1,0 3,2 0,3 1,2 
2026-06-30 13:32:35.956 12
2,0 3,1 1,0 3,2 0,3 1,2 0,2 1,3 2,1 3,0 
2026-06-30 13:32:35.956 12
0,3 1,2 1,3 2,0 1,0 3,2 0,2 3,1 2,1 3,0 
2026-06-30 13:32:35.956 15
1,2 3,0 1,0 3,2 2,0 3,1 0,3 2,1 0,2 1,3 
2026-06-30 13:32:35.957 15
0,3 2,1 1,3 2,0 1,0 3,2 1,2 3,0 0,2 3,1 
2026-06-30 13:32:35.957 13
2,0 3,1 2,1 3,0 1,0 3,2 0,3 1,2 0,2 1,3 
2026-06-30 13:32:35.957 14
0,3 1,2 1,0 3,2 2,0 3,1 2,1 3,0 0,2 1,3 
2026-06-30 13:32:35.957 15
0,3 1,2 1,0 3,2 1,3 2,0 2,1 3,0 0,2 3,1 
2026-06-30 13:32:35.978 13
1,2 3,0 0,2 1,3 0,3 2,1 2,0 3,1 1,0 3,2 
2026-06-30 13:32:35.978 12
1,3 2,0 1,0 3,2 0,3 2,1 0,2 3,1 1,2 3,0 
2026-06-30 13:32:35.979 13
0,2 3,1 0,3 2,1 1,0 3,2 1,2 3,0 1,3 2,0 
2026-06-30 13:32:35.979 14
2,1 3,0 0,2 3,1 1,0 3,2 1,3 2,0 0,3 1,2 
2026-06-30 13:32:35.979 13
1,3 2,0 1,2 3,0 1,0 3,2 0,2 3,1 0,3 2,1 
2026-06-30 13:32:35.979 13
2,1 3,0 2,0 3,1 1,0 3,2 0,3 1,2 0,2 1,3 
2026-06-30 13:32:35.980 10
0,3 2,1 2,0 3,1 1,0 3,2 0,2 1,3 1,2 3,0 
2026-06-30 13:32:35.980 14
1,3 2,0 2,1 3,0 1,0 3,2 0,3 1,2 0,2 3,1 
2026-06-30 13:32:35.980 11
0,2 1,3 1,0 3,2 1,2 3,0 2,0 3,1 0,3 2,1 
2026-06-30 13:32:35.981 17
1,2 3,0 1,3 2,0 0,3 2,1 0,2 3,1 1,0 3,2 
2026-06-30 13:32:35.981 13
1,2 3,0 2,0 3,1 1,0 3,2 0,2 1,3 0,3 2,1 
2026-06-30 13:32:35.981 12
1,2 3,0 0,2 3,1 1,0 3,2 0,3 2,1 1,3 2,0 
2026-06-30 13:32:35.981 14
1,3 2,0 1,0 3,2 1,2 3,0 0,2 3,1 0,3 2,1 
2026-06-30 13:32:35.982 14
1,2 3,0 0,2 3,1 0,3 2,1 1,0 3,2 1,3 2,0 
2026-06-30 13:32:35.982 11
0,2 3,1 2,1 3,0 1,0 3,2 0,3 1,2 1,3 2,0 
2026-06-30 13:32:35.982 15
1,3 2,0 1,0 3,2 0,3 2,1 0,2 3,1 1,2 3,0 
2026-06-30 13:32:35.982 13
1,2 3,0 1,0 3,2 2,0 3,1 0,3 2,1 0,2 1,3 
2026-06-30 13:32:35.983 12
0,2 3,1 1,0 3,2 1,2 3,0 1,3 2,0 0,3 2,1 
2026-06-30 13:32:35.983 15
1,3 2,0 2,1 3,0 1,0 3,2 0,2 3,1 0,3 1,2 
2026-06-30 13:32:35.983 15
1,3 2,0 0,3 2,1 1,0 3,2 1,2 3,0 0,2 3,1 
2026-06-30 13:32:35.984 10
1,2 3,0 2,0 3,1 0,3 2,1 0,2 1,3 1,0 3,2 
2026-06-30 13:32:35.984 13
0,3 2,1 0,2 3,1 1,2 3,0 1,3 2,0 1,0 3,2 
2026-06-30 13:32:35.984 15
0,3 1,2 1,0 3,2 2,0 3,1 2,1 3,0 0,2 1,3 
2026-06-30 13:32:35.984 19
0,2 3,1 0,3 1,2 1,3 2,0 1,0 3,2 2,1 3,0 
2026-06-30 13:32:35.985 14
2,1 3,0 0,2 1,3 1,0 3,2 0,3 1,2 2,0 3,1 
2026-06-30 13:32:35.985 14
2,1 3,0 0,2 3,1 0,3 1,2 1,3 2,0 1,0 3,2 
2026-06-30 13:32:35.985 16
2,0 3,1 1,2 3,0 0,2 1,3 0,3 2,1 1,0 3,2 
2026-06-30 13:32:35.986 13
0,2 3,1 1,2 3,0 1,3 2,0 1,0 3,2 0,3 2,1 
2026-06-30 13:32:35.986 15
2,0 3,1 2,1 3,0 0,2 1,3 1,0 3,2 0,3 1,2 
2026-06-30 13:32:35.986 12
0,2 1,3 1,0 3,2 0,3 1,2 2,0 3,1 2,1 3,0 
2026-06-30 13:32:35.986 12
2,1 3,0 2,0 3,1 1,0 3,2 0,2 1,3 0,3 1,2 
2026-06-30 13:32:35.987 17
0,3 2,1 0,2 3,1 1,0 3,2 1,3 2,0 1,2 3,0 
2026-06-30 13:32:35.987 17
2,0 3,1 1,0 3,2 1,2 3,0 0,2 1,3 0,3 2,1 
2026-06-30 13:32:35.987 16
1,3 2,0 1,0 3,2 1,2 3,0 0,2 3,1 0,3 2,1 
2026-06-30 13:32:35.988 14
0,3 2,1 1,0 3,2 0,2 3,1 1,2 3,0 1,3 2,0 
2026-06-30 13:32:35.988 13
2,1 3,0 1,3 2,0 1,0 3,2 0,2 3,1 0,3 1,2 
2026-06-30 13:32:35.988 13
1,2 3,0 0,2 3,1 0,3 2,1 1,0 3,2 1,3 2,0 
2026-06-30 13:32:35.988 14
1,3 2,0 1,0 3,2 0,3 2,1 0,2 3,1 1,2 3,0 
2026-06-30 13:32:35.989 17
0,3 1,2 1,0 3,2 1,3 2,0 2,1 3,0 0,2 3,1 
2026-06-30 13:32:35.989 15
0,2 3,1 1,2 3,0 1,3 2,0 0,3 2,1 1,0 3,2 
2026-06-30 13:32:35.989 11
2,1 3,0 1,0 3,2 0,2 1,3 0,3 1,2 2,0 3,1 
2026-06-30 13:32:35.989 13
0,2 1,3 2,1 3,0 2,0 3,1 1,0 3,2 0,3 1,2 
2026-06-30 13:32:35.990 16
1,3 2,0 1,2 3,0 1,0 3,2 0,2 3,1 0,3 2,1 
2026-06-30 13:32:35.990 12
0,2 1,3 1,0 3,2 2,1 3,0 2,0 3,1 0,3 1,2 
2026-06-30 13:32:35.990 12
0,2 3,1 1,0 3,2 0,3 2,1 1,3 2,0 1,2 3,0 
2026-06-30 13:32:35.990 12
1,2 3,0 1,0 3,2 0,2 3,1 0,3 2,1 1,3 2,0 
2026-06-30 13:32:35.991 12
0,2 3,1 1,0 3,2 0,3 1,2 1,3 2,0 2,1 3,0 
2026-06-30 13:32:35.991 17
2,1 3,0 1,3 2,0 0,3 1,2 0,2 3,1 1,0 3,2 
2026-06-30 13:32:35.991 15
0,2 1,3 1,0 3,2 2,1 3,0 2,0 3,1 0,3 1,2 
2026-06-30 13:32:35.992 13
2,0 3,1 1,0 3,2 0,3 2,1 0,2 1,3 1,2 3,0 
2026-06-30 13:32:35.992 13
2,1 3,0 0,2 1,3 0,3 1,2 1,0 3,2 2,0 3,1 
2026-06-30 13:32:35.992 16
1,3 2,0 2,1 3,0 0,2 3,1 1,0 3,2 0,3 1,2 
2026-06-30 13:32:35.992 13
2,0 3,1 1,2 3,0 0,2 1,3 0,3 2,1 1,0 3,2 
2026-06-30 13:32:35.993 12
1,2 3,0 1,0 3,2 0,2 3,1 0,3 2,1 1,3 2,0 
2026-06-30 13:32:35.993 13
0,2 1,3 1,0 3,2 0,3 1,2 2,0 3,1 2,1 3,0 
2026-06-30 13:32:35.993 12
2,1 3,0 1,0 3,2 1,3 2,0 0,3 1,2 0,2 3,1 
2026-06-30 13:32:35.993 16
0,3 2,1 2,0 3,1 1,0 3,2 0,2 1,3 1,2 3,0 
2026-06-30 13:32:35.994 15
1,3 2,0 2,1 3,0 1,0 3,2 0,2 3,1 0,3 1,2 
2026-06-30 13:32:35.994 17
0,3 1,2 1,3 2,0 1,0 3,2 0,2 3,1 2,1 3,0 
2026-06-30 13:32:35.994 14
0,3 1,2 1,0 3,2 0,2 3,1 2,1 3,0 1,3 2,0 
2026-06-30 13:32:35.994 12
0,3 2,1 0,2 1,3 1,2 3,0 2,0 3,1 1,0 3,2 
2026-06-30 13:32:35.995 14
1,2 3,0 1,0 3,2 2,0 3,1 0,3 2,1 0,2 1,3 
2026-06-30 13:32:35.995 12
2,1 3,0 0,2 3,1 1,0 3,2 1,3 2,0 0,3 1,2 
2026-06-30 13:32:35.995 13
1,3 2,0 2,1 3,0 0,2 3,1 0,3 1,2 1,0 3,2 
2026-06-30 13:32:35.995 15
0,2 3,1 0,3 1,2 1,0 3,2 1,3 2,0 2,1 3,0 
2026-06-30 13:32:35.996 13
1,2 3,0 1,0 3,2 1,3 2,0 0,3 2,1 0,2 3,1 
2026-06-30 13:32:35.996 12
2,1 3,0 0,2 3,1 1,0 3,2 1,3 2,0 0,3 1,2 
2026-06-30 13:32:35.996 12
2,0 3,1 0,3 2,1 1,0 3,2 0,2 1,3 1,2 3,0 
2026-06-30 13:32:35.996 11
2,0 3,1 1,2 3,0 0,2 1,3 1,0 3,2 0,3 2,1 
2026-06-30 13:32:35.997 11
1,3 2,0 1,2 3,0 0,2 3,1 1,0 3,2 0,3 2,1 
2026-06-30 13:32:35.997 13
2,0 3,1 0,3 1,2 1,0 3,2 2,1 3,0 0,2 1,3 
2026-06-30 13:32:35.997 16
1,2 3,0 1,0 3,2 0,2 3,1 0,3 2,1 1,3 2,0 
2026-06-30 13:32:35.997 15
1,2 3,0 1,3 2,0 0,3 2,1 0,2 3,1 1,0 3,2 
2026-06-30 13:32:35.998 13
2,0 3,1 1,0 3,2 1,2 3,0 0,2 1,3 0,3 2,1 
2026-06-30 13:32:35.998 13
2,0 3,1 0,3 1,2 0,2 1,3 2,1 3,0 1,0 3,2 
2026-06-30 13:32:35.998 12
1,2 3,0 1,0 3,2 1,3 2,0 0,3 2,1 0,2 3,1 
2026-06-30 13:32:35.998 12
2,1 3,0 1,0 3,2 0,2 3,1 0,3 1,2 1,3 2,0 
2026-06-30 13:32:35.999 13
1,2 3,0 1,3 2,0 0,3 2,1 1,0 3,2 0,2 3,1 
2026-06-30 13:32:35.999 12
2,1 3,0 0,2 1,3 0,3 1,2 1,0 3,2 2,0 3,1 
2026-06-30 13:32:35.999 16
2,1 3,0 2,0 3,1 1,0 3,2 0,2 1,3 0,3 1,2 
2026-06-30 13:32:35.999 14
0,3 1,2 1,3 2,0 1,0 3,2 0,2 3,1 2,1 3,0 
2026-06-30 13:32:36.000 16
2,1 3,0 2,0 3,1 0,3 1,2 0,2 1,3 1,0 3,2 
2026-06-30 13:32:36.000 13
2,1 3,0 1,3 2,0 1,0 3,2 0,3 1,2 0,2 3,1 
2026-06-30 13:32:36.000 13
2,0 3,1 1,2 3,0 0,2 1,3 0,3 2,1 1,0 3,2 
2026-06-30 13:32:36.000 13
0,3 1,2 2,0 3,1 1,0 3,2 2,1 3,0 0,2 1,3 
2026-06-30 13:32:36.001 15
1,2 3,0 2,0 3,1 0,3 2,1 0,2 1,3 1,0 3,2 
2026-06-30 13:32:36.001 16
1,3 2,0 1,2 3,0 0,2 3,1 1,0 3,2 0,3 2,1 
2026-06-30 13:32:36.001 17
0,2 3,1 1,2 3,0 1,3 2,0 1,0 3,2 0,3 2,1 
2026-06-30 13:32:36.001 14
1,3 2,0 0,3 2,1 0,2 3,1 1,0 3,2 1,2 3,0 
2026-06-30 13:32:36.002 13
0,3 2,1 1,0 3,2 2,0 3,1 1,2 3,0 0,2 1,3 
2026-06-30 13:32:36.002 12
1,3 2,0 2,1 3,0 0,2 3,1 1,0 3,2 0,3 1,2 
2026-06-30 13:32:36.002 12
0,2 3,1 1,0 3,2 0,3 2,1 1,3 2,0 1,2 3,0 
2026-06-30 13:32:36.003 17
2,0 3,1 2,1 3,0 1,0 3,2 0,3 1,2 0,2 1,3 
2026-06-30 13:32:36.003 16
0,3 1,2 1,0 3,2 2,0 3,1 2,1 3,0 0,2 1,3 
2026-06-30 13:32:36.003 15
1,3 2,0 1,0 3,2 0,3 2,1 0,2 3,1 1,2 3,0 
2026-06-30 13:32:36.003 12
1,3 2,0 1,0 3,2 0,3 1,2 0,2 3,1 2,1 3,0 
2026-06-30 13:32:36.004 11
1,3 2,0 2,1 3,0 0,2 3,1 1,0 3,2 0,3 1,2 
2026-06-30 13:32:36.004 11
2,0 3,1 1,2 3,0 0,2 1,3 1,0 3,2 0,3 2,1 
2026-06-30 13:32:36.004 12
2,1 3,0 0,2 3,1 1,0 3,2 1,3 2,0 0,3 1,2 
2026-06-30 13:32:36.004 11
0,3 2,1 1,0 3,2 1,3 2,0 1,2 3,0 0,2 3,1 
2026-06-30 13:32:36.005 15
0,2 3,1 0,3 2,1 1,3 2,0 1,2 3,0 1,0 3,2 
2026-06-30 13:32:36.005 17
0,3 1,2 2,0 3,1 1,0 3,2 2,1 3,0 0,2 1,3 
2026-06-30 13:32:36.005 15
0,3 2,1 0,2 3,1 1,2 3,0 1,3 2,0 1,0 3,2 
2026-06-30 13:32:36.005 12
0,3 1,2 2,0 3,1 1,0 3,2 2,1 3,0 0,2 1,3 
2026-06-30 13:32:36.006 14
2,1 3,0 1,0 3,2 2,0 3,1 0,3 1,2 0,2 1,3 
2026-06-30 13:32:36.006 13
1,2 3,0 0,2 1,3 0,3 2,1 2,0 3,1 1,0 3,2 
2026-06-30 13:32:36.006 16
2,1 3,0 0,2 3,1 0,3 1,2 1,3 2,0 1,0 3,2 
2026-06-30 13:32:36.006 16
0,3 2,1 1,0 3,2 2,0 3,1 1,2 3,0 0,2 1,3 
2026-06-30 13:32:36.007 10
0,3 1,2 0,2 1,3 1,0 3,2 2,0 3,1 2,1 3,0 
2026-06-30 13:32:36.007 14
1,3 2,0 0,3 2,1 0,2 3,1 1,2 3,0 1,0 3,2 
2026-06-30 13:32:36.007 11
1,2 3,0 0,2 3,1 0,3 2,1 1,0 3,2 1,3 2,0 
2026-06-30 13:32:36.008 12
1,2 3,0 1,0 3,2 1,3 2,0 0,3 2,1 0,2 3,1 
2026-06-30 13:32:36.008 12
1,3 2,0 2,1 3,0 0,2 3,1 0,3 1,2 1,0 3,2 
2026-06-30 13:32:36.008 12
0,2 1,3 1,0 3,2 0,3 1,2 2,0 3,1 2,1 3,0 
2026-06-30 13:32:36.008 17
0,3 1,2 1,3 2,0 2,1 3,0 0,2 3,1 1,0 3,2 
2026-06-30 13:32:36.009 19
2,1 3,0 1,0 3,2 1,3 2,0 0,3 1,2 0,2 3,1 
2026-06-30 13:32:36.009 16
2,0 3,1 1,2 3,0 0,2 1,3 0,3 2,1 1,0 3,2 
2026-06-30 13:32:36.009 15
2,1 3,0 0,2 1,3 1,0 3,2 2,0 3,1 0,3 1,2 
2026-06-30 13:32:36.009 12
1,2 3,0 1,0 3,2 0,2 1,3 0,3 2,1 2,0 3,1 
2026-06-30 13:32:36.009 17
2,1 3,0 1,0 3,2 0,2 3,1 0,3 1,2 1,3 2,0 
2026-06-30 13:32:36.010 12
2,1 3,0 1,0 3,2 0,2 3,1 0,3 1,2 1,3 2,0 
2026-06-30 13:32:36.010 15
1,3 2,0 0,3 1,2 0,2 3,1 2,1 3,0 1,0 3,2 
2026-06-30 13:32:36.011 12
2,1 3,0 1,3 2,0 0,3 1,2 1,0 3,2 0,2 3,1 
2026-06-30 13:32:36.011 11
2,1 3,0 1,0 3,2 0,2 3,1 0,3 1,2 1,3 2,0 
2026-06-30 13:32:36.011 15
2,0 3,1 1,0 3,2 0,3 2,1 0,2 1,3 1,2 3,0 
2026-06-30 13:32:36.011 16
0,3 1,2 0,2 3,1 2,1 3,0 1,0 3,2 1,3 2,0 
2026-06-30 13:32:36.012 12
0,2 3,1 1,0 3,2 1,2 3,0 1,3 2,0 0,3 2,1 
2026-06-30 13:32:36.012 10
2,1 3,0 0,2 1,3 0,3 1,2 2,0 3,1 1,0 3,2 
2026-06-30 13:32:36.012 18
0,2 3,1 1,0 3,2 2,1 3,0 1,3 2,0 0,3 1,2 
2026-06-30 13:32:36.012 13
0,2 1,3 1,0 3,2 2,1 3,0 2,0 3,1 0,3 1,2 
2026-06-30 13:32:36.013 12
2,0 3,1 2,1 3,0 1,0 3,2 0,2 1,3 0,3 1,2 
2026-06-30 13:32:36.013 16
1,3 2,0 1,0 3,2 0,3 2,1 0,2 3,1 1,2 3,0 
2026-06-30 13:32:36.013 14
1,3 2,0 1,2 3,0 0,2 3,1 0,3 2,1 1,0 3,2 
2026-06-30 13:32:36.013 15
0,2 3,1 1,0 3,2 2,1 3,0 1,3 2,0 0,3 1,2 
2026-06-30 13:32:36.014 12
2,0 3,1 1,0 3,2 2,1 3,0 0,2 1,3 0,3 1,2 
2026-06-30 13:32:36.014 11
0,3 2,1 1,0 3,2 1,3 2,0 1,2 3,0 0,2 3,1 
2026-06-30 13:32:36.014 15
0,3 2,1 1,3 2,0 1,2 3,0 1,0 3,2 0,2 3,1 
2026-06-30 13:32:36.014 14
2,1 3,0 1,3 2,0 0,3 1,2 1,0 3,2 0,2 3,1 
2026-06-30 13:32:36.015 17
2,1 3,0 1,3 2,0 1,0 3,2 0,3 1,2 0,2 3,1 
2026-06-30 13:32:36.015 14
2,0 3,1 1,0 3,2 0,3 1,2 0,2 1,3 2,1 3,0 
2026-06-30 13:32:36.015 11
1,2 3,0 1,0 3,2 0,2 1,3 0,3 2,1 2,0 3,1 
2026-06-30 13:32:36.015 15
0,2 1,3 1,2 3,0 2,0 3,1 1,0 3,2 0,3 2,1 
2026-06-30 13:32:36.015 11
2,1 3,0 1,3 2,0 1,0 3,2 0,3 1,2 0,2 3,1 
2026-06-30 13:32:36.016 11
1,3 2,0 2,1 3,0 1,0 3,2 0,3 1,2 0,2 3,1 
2026-06-30 13:32:36.016 13
2,0 3,1 1,0 3,2 0,3 1,2 0,2 1,3 2,1 3,0 
2026-06-30 13:32:36.016 12
2,0 3,1 1,2 3,0 1,0 3,2 0,2 1,3 0,3 2,1 
2026-06-30 13:32:36.016 14
0,3 2,1 0,2 3,1 1,0 3,2 1,3 2,0 1,2 3,0 
2026-06-30 13:32:36.017 16
1,3 2,0 1,0 3,2 1,2 3,0 0,2 3,1 0,3 2,1 
2026-06-30 13:32:36.017 18
2,1 3,0 1,0 3,2 2,0 3,1 0,3 1,2 0,2 1,3 
2026-06-30 13:32:36.017 13
1,3 2,0 2,1 3,0 1,0 3,2 0,3 1,2 0,2 3,1 
2026-06-30 13:32:36.017 13
1,2 3,0 0,2 1,3 0,3 2,1 2,0 3,1 1,0 3,2 
2026-06-30 13:32:36.017 12
1,3 2,0 1,2 3,0 0,2 3,1 1,0 3,2 0,3 2,1 
2026-06-30 13:32:36.018 13
2,0 3,1 1,0 3,2 2,1 3,0 0,2 1,3 0,3 1,2 
2026-06-30 13:32:36.018 15
1,2 3,0 2,0 3,1 0,3 2,1 1,0 3,2 0,2 1,3 
2026-06-30 13:32:36.018 10
2,1 3,0 1,0 3,2 0,2 1,3 0,3 1,2 2,0 3,1 
2026-06-30 13:32:36.018 12
0,2 1,3 2,1 3,0 2,0 3,1 0,3 1,2 1,0 3,2 
2026-06-30 13:32:36.018 13
1,2 3,0 2,0 3,1 1,0 3,2 0,2 1,3 0,3 2,1 
2026-06-30 13:32:36.019 14
0,2 1,3 2,1 3,0 1,0 3,2 0,3 1,2 2,0 3,1 
2026-06-30 13:32:36.019 11
0,2 3,1 1,2 3,0 1,3 2,0 1,0 3,2 0,3 2,1 
2026-06-30 13:32:36.019 12
1,3 2,0 1,0 3,2 0,3 1,2 0,2 3,1 2,1 3,0 
2026-06-30 13:32:36.019 13
0,2 1,3 1,2 3,0 2,0 3,1 1,0 3,2 0,3 2,1 
2026-06-30 13:32:36.020 13
1,2 3,0 1,0 3,2 2,0 3,1 0,3 2,1 0,2 1,3 
2026-06-30 13:32:36.020 12
0,3 2,1 1,0 3,2 2,0 3,1 1,2 3,0 0,2 1,3 
2026-06-30 13:32:36.020 14
1,3 2,0 2,1 3,0 0,2 3,1 0,3 1,2 1,0 3,2 
2026-06-30 13:32:36.020 13
1,3 2,0 2,1 3,0 1,0 3,2 0,3 1,2 0,2 3,1 
2026-06-30 13:32:36.020 14
0,2 1,3 0,3 2,1 1,0 3,2 1,2 3,0 2,0 3,1 
2026-06-30 13:32:36.021 14
1,2 3,0 2,0 3,1 0,3 2,1 0,2 1,3 1,0 3,2 
2026-06-30 13:32:36.021 12
1,2 3,0 2,0 3,1 0,3 2,1 0,2 1,3 1,0 3,2 
2026-06-30 13:32:36.021 15
0,3 1,2 1,3 2,0 1,0 3,2 0,2 3,1 2,1 3,0 
2026-06-30 13:32:36.021 16
1,2 3,0 1,0 3,2 2,0 3,1 0,3 2,1 0,2 1,3 
2026-06-30 13:32:36.021 14
1,2 3,0 1,3 2,0 0,3 2,1 0,2 3,1 1,0 3,2 
2026-06-30 13:32:36.022 14
0,2 3,1 2,1 3,0 1,3 2,0 0,3 1,2 1,0 3,2 
2026-06-30 13:32:36.022 13
2,1 3,0 1,3 2,0 1,0 3,2 0,3 1,2 0,2 3,1 
2026-06-30 13:32:36.022 13
2,1 3,0 2,0 3,1 0,3 1,2 1,0 3,2 0,2 1,3 
2026-06-30 13:32:36.022 13
0,2 1,3 0,3 2,1 1,0 3,2 2,0 3,1 1,2 3,0 
2026-06-30 13:32:36.022 18
1,3 2,0 1,0 3,2 0,3 2,1 0,2 3,1 1,2 3,0 
2026-06-30 13:32:36.023 10
1,2 3,0 1,0 3,2 2,0 3,1 0,3 2,1 0,2 1,3 
2026-06-30 13:32:36.023 15
1,2 3,0 1,0 3,2 0,2 3,1 0,3 2,1 1,3 2,0 
2026-06-30 13:32:36.023 16
2,0 3,1 1,2 3,0 1,0 3,2 0,3 2,1 0,2 1,3 
