2026-06-30 13:21:33.273
2026-06-30 13:21:33.290 10 17048
2,0 3,1 0,3 2,1 1,0 3,2 1,2 3,0 0,2 1,3 
2026-06-30 13:21:33.486 10 346082
1,3 2,0 1,2 3,0 1,0 3,2 0,2 3,1 0,3 2,1 
2026-06-30 13:21:33.545 10 444434
2,0 3,1 0,3 2,1 1,0 3,2 1,2 3,0 0,2 1,3 
2026-06-30 13:21:33.562 10 473555
2,0 3,1 1,2 3,0 1,0 3,2 0,3 2,1 0,2 1,3 
2026-06-30 13:21:33.656 10 630885
0,2 3,1 2,1 3,0 1,0 3,2 1,3 2,0 0,3 1,2 
2026-06-30 13:21:33.845 10 947975
1,2 3,0 2,0 3,1 0,3 2,1 1,0 3,2 0,2 1,3 
2026-06-30 13:21:33.903 10 1045122
0,2 3,1 0,3 1,2 1,3 2,0 1,0 3,2 2,1 3,0 
2026-06-30 13:21:34.270 10 1660090
1,3 2,0 0,3 1,2 0,2 3,1 1,0 3,2 2,1 3,0 
2026-06-30 13:21:34.328 10 1757305
0,3 1,2 1,3 2,0 2,1 3,0 1,0 3,2 0,2 3,1 
2026-06-30 13:21:34.348 10 1790713
0,2 1,3 1,2 3,0 1,0 3,2 2,0 3,1 0,3 2,1 
2026-06-30 13:21:34.487 10 2024590
2,0 3,1 0,3 2,1 1,0 3,2 0,2 1,3 1,2 3,0 
2026-06-30 13:21:34.714 10 2404913
2,0 3,1 1,0 3,2 0,3 2,1 0,2 1,3 1,2 3,0 
2026-06-30 13:21:34.888 10 2697958
0,3 2,1 1,3 2,0 1,2 3,0 1,0 3,2 0,2 3,1 
2026-06-30 13:21:34.905 10 2725424
1,2 3,0 1,0 3,2 2,0 3,1 0,3 2,1 0,2 1,3 
2026-06-30 13:21:35.364 10 3495795
0,2 3,1 0,3 2,1 1,3 2,0 1,2 3,0 1,0 3,2 
2026-06-30 13:21:35.461 10 3657489
0,3 2,1 1,3 2,0 1,2 3,0 0,2 3,1 1,0 3,2 
2026-06-30 13:21:35.704 10 4063588
1,3 2,0 1,2 3,0 0,2 3,1 0,3 2,1 1,0 3,2 
2026-06-30 13:21:35.822 10 4260069
2,0 3,1 1,2 3,0 1,0 3,2 0,2 1,3 0,3 2,1 
2026-06-30 13:21:35.910 10 4404520
1,3 2,0 0,3 2,1 1,0 3,2 0,2 3,1 1,2 3,0 
2026-06-30 13:21:35.936 10 4447845
0,2 3,1 0,3 1,2 1,3 2,0 1,0 3,2 2,1 3,0 
2026-06-30 13:21:35.949 10 4468185
0,3 2,1 2,0 3,1 1,0 3,2 0,2 1,3 1,2 3,0 
2026-06-30 13:21:35.964 10 4493086
1,2 3,0 0,2 1,3 0,3 2,1 1,0 3,2 2,0 3,1 
2026-06-30 13:21:36.024 10 4593074
2,1 3,0 0,2 3,1 1,0 3,2 1,3 2,0 0,3 1,2 
2026-06-30 13:21:36.208 10 4901446
0,2 3,1 0,3 2,1 1,3 2,0 1,0 3,2 1,2 3,0 
2026-06-30 13:21:36.224 10 4927629
0,2 3,1 1,0 3,2 1,2 3,0 1,3 2,0 0,3 2,1 
2026-06-30 13:21:36.373 10 5175592
1,2 3,0 1,3 2,0 1,0 3,2 0,3 2,1 0,2 3,1 
2026-06-30 13:21:36.868 10 6003910
0,3 2,1 1,3 2,0 1,2 3,0 1,0 3,2 0,2 3,1 
2026-06-30 13:21:36.869 10 6005441
1,3 2,0 2,1 3,0 1,0 3,2 0,2 3,1 0,3 1,2 
2026-06-30 13:21:36.938 10 6121726
1,2 3,0 2,0 3,1 1,0 3,2 0,2 1,3 0,3 2,1 
2026-06-30 13:21:36.969 10 6174119
0,2 1,3 0,3 1,2 2,0 3,1 1,0 3,2 2,1 3,0 
2026-06-30 13:21:37.132 10 6446296
1,2 3,0 1,3 2,0 0,3 2,1 1,0 3,2 0,2 3,1 
2026-06-30 13:21:37.153 10 6479823
0,2 1,3 0,3 1,2 1,0 3,2 2,0 3,1 2,1 3,0 
2026-06-30 13:21:37.283 10 6695135
0,2 1,3 1,0 3,2 0,3 2,1 2,0 3,1 1,2 3,0 
2026-06-30 13:21:37.429 10 6942085
0,3 2,1 2,0 3,1 1,0 3,2 0,2 1,3 1,2 3,0 
2026-06-30 13:21:37.693 10 7383690
2,0 3,1 1,0 3,2 0,3 1,2 0,2 1,3 2,1 3,0 
2026-06-30 13:21:37.737 10 7456889
0,3 1,2 0,2 1,3 1,0 3,2 2,1 3,0 2,0 3,1 
2026-06-30 13:21:37.748 10 7475162
0,3 1,2 1,3 2,0 1,0 3,2 2,1 3,0 0,2 3,1 
2026-06-30 13:21:37.785 10 7537309
2,1 3,0 1,3 2,0 1,0 3,2 0,2 3,1 0,3 1,2 
2026-06-30 13:21:37.789 10 7544989
0,2 3,1 1,2 3,0 1,3 2,0 0,3 2,1 1,0 3,2 
2026-06-30 13:21:37.862 10 7667350
2,1 3,0 1,3 2,0 0,3 1,2 0,2 3,1 1,0 3,2 
2026-06-30 13:21:37.871 10 7683004
1,2 3,0 0,2 3,1 0,3 2,1 1,0 3,2 1,3 2,0 
2026-06-30 13:21:37.909 10 7746578
0,2 3,1 0,3 1,2 1,0 3,2 2,1 3,0 1,3 2,0 
2026-06-30 13:21:37.920 10 7765292
0,2 1,3 2,1 3,0 1,0 3,2 2,0 3,1 0,3 1,2 
2026-06-30 13:21:38.084 10 8041019
0,3 2,1 1,0 3,2 0,2 1,3 1,2 3,0 2,0 3,1 
2026-06-30 13:21:38.269 10 8350642
1,3 2,0 2,1 3,0 0,2 3,1 1,0 3,2 0,3 1,2 
2026-06-30 13:21:38.349 10 8484947
2,1 3,0 1,3 2,0 0,3 1,2 0,2 3,1 1,0 3,2 
2026-06-30 13:21:38.821 10 9275536
0,3 1,2 1,0 3,2 1,3 2,0 2,1 3,0 0,2 3,1 
2026-06-30 13:21:39.184 10 9887903
1,3 2,0 1,0 3,2 0,3 1,2 0,2 3,1 2,1 3,0 
2026-06-30 13:21:39.205 10 9923068
0,2 1,3 1,2 3,0 1,0 3,2 0,3 2,1 2,0 3,1 
2026-06-30 13:21:39.598 10 10582011
0,2 1,3 0,3 2,1 2,0 3,1 1,2 3,0 1,0 3,2 
2026-06-30 13:21:39.628 10 10632375
2,0 3,1 1,2 3,0 1,0 3,2 0,2 1,3 0,3 2,1 
2026-06-30 13:21:39.635 10 10643280
2,1 3,0 0,2 1,3 1,0 3,2 0,3 1,2 2,0 3,1 
2026-06-30 13:21:39.854 10 11011001
1,3 2,0 1,2 3,0 0,2 3,1 1,0 3,2 0,3 2,1 
2026-06-30 13:21:39.886 10 11065654
0,3 2,1 0,2 1,3 1,2 3,0 1,0 3,2 2,0 3,1 
2026-06-30 13:21:39.957 10 11184064
0,3 2,1 0,2 1,3 1,2 3,0 2,0 3,1 1,0 3,2 
2026-06-30 13:21:40.007 10 11268231
0,3 2,1 0,2 3,1 1,2 3,0 1,3 2,0 1,0 3,2 
2026-06-30 13:21:40.221 10 11627365
0,3 2,1 0,2 3,1 1,0 3,2 1,2 3,0 1,3 2,0 
2026-06-30 13:21:40.271 10 11709878
1,3 2,0 2,1 3,0 1,0 3,2 0,3 1,2 0,2 3,1 
2026-06-30 13:21:40.284 10 11730782
0,2 3,1 0,3 1,2 1,3 2,0 2,1 3,0 1,0 3,2 
2026-06-30 13:21:40.306 10 11768770
0,3 2,1 0,2 3,1 1,0 3,2 1,2 3,0 1,3 2,0 
2026-06-30 13:21:40.375 10 11885303
2,0 3,1 2,1 3,0 1,0 3,2 0,3 1,2 0,2 1,3 
2026-06-30 13:21:40.748 10 12510488
0,2 3,1 0,3 1,2 1,0 3,2 2,1 3,0 1,3 2,0 
2026-06-30 13:21:40.754 10 12520161
0,3 2,1 1,3 2,0 1,0 3,2 0,2 3,1 1,2 3,0 
2026-06-30 13:21:40.853 10 12683502
2,1 3,0 0,2 3,1 0,3 1,2 1,3 2,0 1,0 3,2 
2026-06-30 13:21:40.961 10 12866689
0,3 2,1 1,3 2,0 1,0 3,2 0,2 3,1 1,2 3,0 
2026-06-30 13:21:41.015 10 12957283
2,1 3,0 0,2 3,1 0,3 1,2 1,0 3,2 1,3 2,0 
2026-06-30 13:21:41.019 10 12965130
1,2 3,0 0,2 3,1 1,0 3,2 0,3 2,1 1,3 2,0 
2026-06-30 13:21:41.300 10 13438606
2,0 3,1 0,3 2,1 0,2 1,3 1,0 3,2 1,2 3,0 
2026-06-30 13:21:41.462 10 13711975
2,0 3,1 0,3 2,1 0,2 1,3 1,2 3,0 1,0 3,2 
2026-06-30 13:21:41.478 10 13739260
1,2 3,0 2,0 3,1 1,0 3,2 0,3 2,1 0,2 1,3 
2026-06-30 13:21:41.836 10 14340742
2,1 3,0 2,0 3,1 0,3 1,2 1,0 3,2 0,2 1,3 
2026-06-30 13:21:41.875 10 14403720
2,0 3,1 0,3 2,1 1,0 3,2 1,2 3,0 0,2 1,3 
2026-06-30 13:21:42.566 10 15566290
1,3 2,0 1,2 3,0 0,2 3,1 1,0 3,2 0,3 2,1 
2026-06-30 13:21:42.757 10 15887320
0,2 3,1 1,0 3,2 1,2 3,0 1,3 2,0 0,3 2,1 
2026-06-30 13:21:42.902 10 16131630
2,1 3,0 0,2 3,1 1,0 3,2 0,3 1,2 1,3 2,0 
2026-06-30 13:21:43.144 10 16539763
2,0 3,1 2,1 3,0 1,0 3,2 0,2 1,3 0,3 1,2 
2026-06-30 13:21:43.189 10 16614048
1,2 3,0 2,0 3,1 1,0 3,2 0,3 2,1 0,2 1,3 
2026-06-30 13:21:43.225 10 16674370
2,0 3,1 0,3 1,2 1,0 3,2 2,1 3,0 0,2 1,3 
2026-06-30 13:21:43.412 10 16987671
0,2 3,1 0,3 1,2 1,3 2,0 2,1 3,0 1,0 3,2 
2026-06-30 13:21:43.750 10 17556522
1,2 3,0 2,0 3,1 0,3 2,1 0,2 1,3 1,0 3,2 
2026-06-30 13:21:43.790 10 17624513
0,3 2,1 0,2 3,1 1,0 3,2 1,2 3,0 1,3 2,0 
2026-06-30 13:21:43.895 10 17800012
1,3 2,0 1,0 3,2 1,2 3,0 0,2 3,1 0,3 2,1 
2026-06-30 13:21:44.016 10 18003086
2,1 3,0 1,3 2,0 0,3 1,2 0,2 3,1 1,0 3,2 
2026-06-30 13:21:44.081 10 18113276
0,3 2,1 1,0 3,2 1,3 2,0 1,2 3,0 0,2 3,1 
2026-06-30 13:21:44.305 10 18491602
0,3 2,1 2,0 3,1 1,2 3,0 1,0 3,2 0,2 1,3 
2026-06-30 13:21:44.384 10 18624701
0,3 2,1 1,3 2,0 1,0 3,2 1,2 3,0 0,2 3,1 
2026-06-30 13:21:44.581 10 18955443
1,2 3,0 0,2 3,1 0,3 2,1 1,0 3,2 1,3 2,0 
2026-06-30 13:21:44.597 10 18982295
2,1 3,0 0,2 3,1 0,3 1,2 1,0 3,2 1,3 2,0 
2026-06-30 13:21:44.619 10 19020405
0,2 1,3 2,1 3,0 1,0 3,2 0,3 1,2 2,0 3,1 
2026-06-30 13:21:44.676 10 19114913
0,2 1,3 1,0 3,2 0,3 2,1 2,0 3,1 1,2 3,0 
2026-06-30 13:21:44.914 10 19515373
2,1 3,0 1,0 3,2 0,2 1,3 0,3 1,2 2,0 3,1 
2026-06-30 13:21:44.987 10 19637224
0,3 2,1 1,3 2,0 1,0 3,2 1,2 3,0 0,2 3,1 
2026-06-30 13:21:45.058 10 19757534
2,0 3,1 2,1 3,0 0,2 1,3 0,3 1,2 1,0 3,2 
2026-06-30 13:21:45.269 10 20112387
0,2 1,3 2,1 3,0 1,0 3,2 2,0 3,1 0,3 1,2 
2026-06-30 13:21:45.292 10 20150524
0,3 1,2 1,3 2,0 2,1 3,0 1,0 3,2 0,2 3,1 
2026-06-30 13:21:45.312 10 20184042
0,3 2,1 1,3 2,0 1,2 3,0 0,2 3,1 1,0 3,2 
2026-06-30 13:21:45.367 10 20277359
2,0 3,1 2,1 3,0 1,0 3,2 0,2 1,3 0,3 1,2 
2026-06-30 13:21:45.505 10 20507619
1,3 2,0 0,3 2,1 0,2 3,1 1,2 3,0 1,0 3,2 
2026-06-30 13:21:45.535 10 20559284
2,1 3,0 0,2 3,1 1,0 3,2 0,3 1,2 1,3 2,0 
2026-06-30 13:21:45.612 10 20688048
1,2 3,0 1,0 3,2 2,0 3,1 0,3 2,1 0,2 1,3 
2026-06-30 13:21:45.684 10 20809561
1,2 3,0 0,2 3,1 1,0 3,2 1,3 2,0 0,3 2,1 
2026-06-30 13:21:45.819 10 21036634
1,3 2,0 2,1 3,0 0,2 3,1 0,3 1,2 1,0 3,2 
2026-06-30 13:21:46.124 10 21550099
0,3 1,2 2,0 3,1 1,0 3,2 2,1 3,0 0,2 1,3 
2026-06-30 13:21:46.146 10 21586929
1,3 2,0 1,0 3,2 2,1 3,0 0,2 3,1 0,3 1,2 
2026-06-30 13:21:46.244 10 21751772
0,2 3,1 1,2 3,0 1,0 3,2 0,3 2,1 1,3 2,0 
2026-06-30 13:21:46.329 10 21893701
0,2 1,3 0,3 2,1 2,0 3,1 1,2 3,0 1,0 3,2 
2026-06-30 13:21:46.387 10 21991980
2,1 3,0 0,2 3,1 1,0 3,2 1,3 2,0 0,3 1,2 
2026-06-30 13:21:46.971 10 22970834
1,3 2,0 2,1 3,0 0,2 3,1 0,3 1,2 1,0 3,2 
2026-06-30 13:21:47.006 10 23030196
0,2 3,1 1,0 3,2 2,1 3,0 1,3 2,0 0,3 1,2 
2026-06-30 13:21:47.009 10 23034421
0,2 3,1 2,1 3,0 1,3 2,0 0,3 1,2 1,0 3,2 
2026-06-30 13:21:47.018 10 23050442
1,2 3,0 1,3 2,0 1,0 3,2 0,3 2,1 0,2 3,1 
2026-06-30 13:21:47.025 10 23062016
1,3 2,0 0,3 2,1 1,0 3,2 0,2 3,1 1,2 3,0 
2026-06-30 13:21:47.074 10 23143367
1,2 3,0 1,3 2,0 1,0 3,2 0,2 3,1 0,3 2,1 
2026-06-30 13:21:47.314 10 23547000
2,0 3,1 0,3 1,2 0,2 1,3 1,0 3,2 2,1 3,0 
2026-06-30 13:21:47.386 10 23667881
2,0 3,1 2,1 3,0 0,2 1,3 0,3 1,2 1,0 3,2 
2026-06-30 13:21:47.396 10 23685140
2,1 3,0 2,0 3,1 1,0 3,2 0,3 1,2 0,2 1,3 
2026-06-30 13:21:47.413 10 23712376
0,2 3,1 0,3 1,2 1,3 2,0 1,0 3,2 2,1 3,0 
2026-06-30 13:21:47.581 10 23996165
1,3 2,0 0,3 1,2 0,2 3,1 1,0 3,2 2,1 3,0 
2026-06-30 13:21:47.728 10 24242704
1,2 3,0 0,2 3,1 0,3 2,1 1,3 2,0 1,0 3,2 
2026-06-30 13:21:47.960 10 24634520
1,2 3,0 0,2 1,3 0,3 2,1 1,0 3,2 2,0 3,1 
2026-06-30 13:21:47.970 10 24651577
1,2 3,0 2,0 3,1 1,0 3,2 0,2 1,3 0,3 2,1 
2026-06-30 13:21:48.292 10 25193079
0,2 1,3 0,3 1,2 2,0 3,1 2,1 3,0 1,0 3,2 
2026-06-30 13:21:48.421 10 25409919
0,3 1,2 2,0 3,1 1,0 3,2 2,1 3,0 0,2 1,3 
2026-06-30 13:21:48.467 10 25489036
0,2 1,3 0,3 2,1 1,0 3,2 2,0 3,1 1,2 3,0 
2026-06-30 13:21:48.502 10 25546922
0,2 1,3 2,1 3,0 1,0 3,2 0,3 1,2 2,0 3,1 
2026-06-30 13:21:48.503 10 25549133
0,3 2,1 1,3 2,0 1,2 3,0 1,0 3,2 0,2 3,1 
2026-06-30 13:21:49.202 10 26725910
0,2 3,1 0,3 1,2 1,3 2,0 1,0 3,2 2,1 3,0 
2026-06-30 13:21:49.350 10 26974022
1,3 2,0 0,3 2,1 0,2 3,1 1,2 3,0 1,0 3,2 
2026-06-30 13:21:49.434 10 27115441
0,3 1,2 2,0 3,1 2,1 3,0 1,0 3,2 0,2 1,3 
2026-06-30 13:21:49.609 10 27410187
0,2 1,3 0,3 2,1 1,0 3,2 1,2 3,0 2,0 3,1 
2026-06-30 13:21:49.914 10 27924797
1,2 3,0 1,0 3,2 0,2 1,3 0,3 2,1 2,0 3,1 
2026-06-30 13:21:50.047 10 28148239
0,2 1,3 1,2 3,0 2,0 3,1 0,3 2,1 1,0 3,2 
2026-06-30 13:21:50.141 10 28307341
0,2 3,1 0,3 2,1 1,3 2,0 1,2 3,0 1,0 3,2 
2026-06-30 13:21:50.187 10 28384947
0,3 1,2 1,3 2,0 2,1 3,0 1,0 3,2 0,2 3,1 
2026-06-30 13:21:50.217 10 28435265
0,3 2,1 0,2 3,1 1,2 3,0 1,0 3,2 1,3 2,0 
2026-06-30 13:21:50.227 10 28452284
0,2 3,1 0,3 2,1 1,3 2,0 1,2 3,0 1,0 3,2 
2026-06-30 13:21:50.466 10 28853842
0,2 1,3 2,1 3,0 2,0 3,1 1,0 3,2 0,3 1,2 
2026-06-30 13:21:50.611 10 29095354
2,1 3,0 1,0 3,2 2,0 3,1 0,3 1,2 0,2 1,3 
2026-06-30 13:21:50.676 10 29203354
0,3 2,1 1,0 3,2 0,2 3,1 1,2 3,0 1,3 2,0 
2026-06-30 13:21:50.745 10 29319329
2,0 3,1 1,2 3,0 0,2 1,3 0,3 2,1 1,0 3,2 
2026-06-30 13:21:50.786 10 29388749
1,3 2,0 1,0 3,2 2,1 3,0 0,2 3,1 0,3 1,2 
2026-06-30 13:21:50.828 10 29458123
0,3 2,1 2,0 3,1 1,0 3,2 0,2 1,3 1,2 3,0 
2026-06-30 13:21:51.004 10 29753588
0,3 2,1 1,0 3,2 1,3 2,0 1,2 3,0 0,2 3,1 
2026-06-30 13:21:51.158 10 30010560
0,3 2,1 1,0 3,2 2,0 3,1 1,2 3,0 0,2 1,3 
2026-06-30 13:21:51.188 10 30060658
1,3 2,0 1,0 3,2 2,1 3,0 0,2 3,1 0,3 1,2 
2026-06-30 13:21:51.337 10 30311647
2,1 3,0 0,2 3,1 0,3 1,2 1,0 3,2 1,3 2,0 
2026-06-30 13:21:51.471 10 30534861
0,3 1,2 1,3 2,0 2,1 3,0 1,0 3,2 0,2 3,1 
2026-06-30 13:21:51.529 10 30632667
0,3 1,2 1,3 2,0 2,1 3,0 0,2 3,1 1,0 3,2 
2026-06-30 13:21:51.623 10 30790626
1,3 2,0 2,1 3,0 1,0 3,2 0,2 3,1 0,3 1,2 
2026-06-30 13:21:51.625 10 30793482
0,2 3,1 2,1 3,0 1,3 2,0 0,3 1,2 1,0 3,2 
2026-06-30 13:21:51.711 10 30937890
2,0 3,1 0,3 1,2 0,2 1,3 1,0 3,2 2,1 3,0 
2026-06-30 13:21:51.715 10 30945424
1,2 3,0 1,3 2,0 0,3 2,1 1,0 3,2 0,2 3,1 
2026-06-30 13:21:51.722 10 30956046
1,3 2,0 1,2 3,0 1,0 3,2 0,3 2,1 0,2 3,1 
2026-06-30 13:21:51.817 10 31115604
0,3 1,2 1,3 2,0 1,0 3,2 0,2 3,1 2,1 3,0 
2026-06-30 13:21:52.185 10 31734377
1,3 2,0 0,3 1,2 1,0 3,2 2,1 3,0 0,2 3,1 
2026-06-30 13:21:52.369 10 32042972
2,1 3,0 0,2 3,1 1,0 3,2 0,3 1,2 1,3 2,0 
2026-06-30 13:21:52.414 10 32119522
2,0 3,1 2,1 3,0 1,0 3,2 0,2 1,3 0,3 1,2 
2026-06-30 13:21:52.533 10 32318326
2,0 3,1 1,2 3,0 0,2 1,3 0,3 2,1 1,0 3,2 
2026-06-30 13:21:52.623 10 32470315
0,3 2,1 2,0 3,1 1,2 3,0 1,0 3,2 0,2 1,3 
2026-06-30 13:21:52.855 10 32861178
2,0 3,1 2,1 3,0 0,2 1,3 0,3 1,2 1,0 3,2 
2026-06-30 13:21:52.923 10 32975509
2,1 3,0 1,3 2,0 0,3 1,2 1,0 3,2 0,2 3,1 
2026-06-30 13:21:52.989 10 33085250
0,3 1,2 2,0 3,1 2,1 3,0 1,0 3,2 0,2 1,3 
2026-06-30 13:21:53.467 10 33889792
1,2 3,0 1,3 2,0 1,0 3,2 0,3 2,1 0,2 3,1 
2026-06-30 13:21:53.487 10 33922730
1,2 3,0 1,3 2,0 1,0 3,2 0,2 3,1 0,3 2,1 
2026-06-30 13:21:53.529 10 33992685
0,2 3,1 1,2 3,0 1,3 2,0 1,0 3,2 0,3 2,1 
2026-06-30 13:21:53.532 10 33998219
1,3 2,0 1,0 3,2 2,1 3,0 0,2 3,1 0,3 1,2 
2026-06-30 13:21:53.557 10 34040978
0,3 1,2 1,0 3,2 1,3 2,0 2,1 3,0 0,2 3,1 
2026-06-30 13:21:53.656 10 34206156
1,2 3,0 0,2 3,1 0,3 2,1 1,0 3,2 1,3 2,0 
2026-06-30 13:21:53.674 10 34235858
0,3 1,2 1,0 3,2 1,3 2,0 2,1 3,0 0,2 3,1 
2026-06-30 13:21:54.032 10 34838955
2,1 3,0 0,2 1,3 1,0 3,2 2,0 3,1 0,3 1,2 
2026-06-30 13:21:54.124 10 34992422
2,1 3,0 0,2 3,1 0,3 1,2 1,0 3,2 1,3 2,0 
2026-06-30 13:21:54.146 10 35029799
0,2 3,1 0,3 1,2 1,0 3,2 2,1 3,0 1,3 2,0 
2026-06-30 13:21:54.179 10 35085545
1,2 3,0 1,3 2,0 1,0 3,2 0,2 3,1 0,3 2,1 
2026-06-30 13:21:54.290 10 35266287
1,3 2,0 0,3 1,2 1,0 3,2 2,1 3,0 0,2 3,1 
2026-06-30 13:21:54.407 10 35463175
0,2 1,3 1,0 3,2 0,3 2,1 2,0 3,1 1,2 3,0 
2026-06-30 13:21:54.597 10 35784582
0,2 3,1 0,3 1,2 1,3 2,0 2,1 3,0 1,0 3,2 
2026-06-30 13:21:54.653 10 35876939
0,3 1,2 2,0 3,1 2,1 3,0 0,2 1,3 1,0 3,2 
2026-06-30 13:21:54.737 10 36014994
0,3 2,1 2,0 3,1 1,0 3,2 1,2 3,0 0,2 1,3 
2026-06-30 13:21:54.879 10 36247660
2,1 3,0 1,3 2,0 0,3 1,2 1,0 3,2 0,2 3,1 
2026-06-30 13:21:55.161 10 36501404
0,2 1,3 0,3 2,1 1,0 3,2 1,2 3,0 2,0 3,1 
2026-06-30 13:21:55.257 10 36621377
0,3 1,2 1,3 2,0 2,1 3,0 1,0 3,2 0,2 3,1 
2026-06-30 13:21:55.280 10 36650602
0,3 2,1 0,2 1,3 1,0 3,2 1,2 3,0 2,0 3,1 
2026-06-30 13:21:55.444 10 36859705
0,3 1,2 1,0 3,2 1,3 2,0 2,1 3,0 0,2 3,1 
2026-06-30 13:21:55.527 10 36964669
1,2 3,0 1,3 2,0 1,0 3,2 0,3 2,1 0,2 3,1 
2026-06-30 13:21:55.561 10 37007004
0,2 3,1 0,3 2,1 1,3 2,0 1,2 3,0 1,0 3,2 
2026-06-30 13:21:55.707 10 37192664
0,3 1,2 1,0 3,2 1,3 2,0 2,1 3,0 0,2 3,1 
2026-06-30 13:21:55.747 10 37242856
1,2 3,0 1,0 3,2 0,2 3,1 0,3 2,1 1,3 2,0 
2026-06-30 13:21:56.062 10 37644441
2,0 3,1 1,2 3,0 1,0 3,2 0,3 2,1 0,2 1,3 
2026-06-30 13:21:56.396 10 38069539
0,3 1,2 0,2 3,1 2,1 3,0 1,3 2,0 1,0 3,2 
2026-06-30 13:21:56.477 10 38194267
0,3 1,2 2,0 3,1 2,1 3,0 0,2 1,3 1,0 3,2 
2026-06-30 13:21:56.761 10 38675149
2,0 3,1 2,1 3,0 0,2 1,3 1,0 3,2 0,3 1,2 
2026-06-30 13:21:56.994 10 39069636
0,2 3,1 0,3 2,1 1,0 3,2 1,2 3,0 1,3 2,0 
2026-06-30 13:21:56.995 10 39071549
1,3 2,0 1,2 3,0 0,2 3,1 1,0 3,2 0,3 2,1 
2026-06-30 13:21:57.036 10 39139342
1,2 3,0 0,2 3,1 0,3 2,1 1,3 2,0 1,0 3,2 
2026-06-30 13:21:57.197 10 39409559
1,2 3,0 1,0 3,2 1,3 2,0 0,3 2,1 0,2 3,1 
2026-06-30 13:21:57.198 10 39411538
0,2 3,1 0,3 1,2 1,3 2,0 1,0 3,2 2,1 3,0 
2026-06-30 13:21:57.216 10 39442577
1,3 2,0 0,3 2,1 1,0 3,2 1,2 3,0 0,2 3,1 
2026-06-30 13:21:57.256 10 39510226
0,2 1,3 1,0 3,2 2,1 3,0 2,0 3,1 0,3 1,2 
2026-06-30 13:21:57.584 10 40062111
2,1 3,0 0,2 1,3 1,0 3,2 0,3 1,2 2,0 3,1 
2026-06-30 13:21:57.785 10 40399046
0,2 1,3 1,2 3,0 2,0 3,1 0,3 2,1 1,0 3,2 
2026-06-30 13:21:57.820 10 40457260
0,2 3,1 0,3 1,2 1,0 3,2 1,3 2,0 2,1 3,0 
2026-06-30 13:21:57.866 10 40533749
0,3 2,1 1,0 3,2 0,2 1,3 1,2 3,0 2,0 3,1 
2026-06-30 13:21:57.936 10 40652221
1,3 2,0 0,3 1,2 0,2 3,1 1,0 3,2 2,1 3,0 
2026-06-30 13:21:58.101 10 40928646
0,3 1,2 2,0 3,1 2,1 3,0 0,2 1,3 1,0 3,2 
2026-06-30 13:21:58.107 10 40938743
0,2 1,3 0,3 2,1 2,0 3,1 1,0 3,2 1,2 3,0 
2026-06-30 13:21:58.229 10 41143251
0,2 3,1 0,3 2,1 1,3 2,0 1,2 3,0 1,0 3,2 
2026-06-30 13:21:58.353 10 41352328
2,0 3,1 0,3 2,1 1,0 3,2 1,2 3,0 0,2 1,3 
2026-06-30 13:21:58.377 10 41391249
2,0 3,1 2,1 3,0 0,2 1,3 1,0 3,2 0,3 1,2 
2026-06-30 13:21:58.750 10 42016487
1,3 2,0 1,0 3,2 0,3 2,1 0,2 3,1 1,2 3,0 
2026-06-30 13:21:58.823 10 42138359
2,1 3,0 1,3 2,0 0,3 1,2 1,0 3,2 0,2 3,1 
2026-06-30 13:21:59.053 10 42523403
2,0 3,1 0,3 1,2 0,2 1,3 2,1 3,0 1,0 3,2 
2026-06-30 13:21:59.250 10 42854265
2,1 3,0 2,0 3,1 0,3 1,2 0,2 1,3 1,0 3,2 
2026-06-30 13:21:59.337 10 43001144
0,2 3,1 2,1 3,0 1,3 2,0 1,0 3,2 0,3 1,2 
2026-06-30 13:21:59.612 10 43463830
0,2 3,1 0,3 2,1 1,0 3,2 1,3 2,0 1,2 3,0 
2026-06-30 13:21:59.754 10 43702386
0,3 1,2 0,2 1,3 2,1 3,0 2,0 3,1 1,0 3,2 
2026-06-30 13:21:59.809 10 43793947
1,2 3,0 0,2 1,3 0,3 2,1 1,0 3,2 2,0 3,1 
2026-06-30 13:22:00.068 10 44228850
0,2 3,1 1,2 3,0 1,0 3,2 1,3 2,0 0,3 2,1 
2026-06-30 13:22:00.146 10 44361381
0,3 1,2 1,0 3,2 0,2 1,3 2,1 3,0 2,0 3,1 
2026-06-30 13:22:00.291 10 44604065
0,2 3,1 0,3 2,1 1,0 3,2 1,3 2,0 1,2 3,0 
2026-06-30 13:22:00.375 10 44744298
2,1 3,0 2,0 3,1 0,3 1,2 1,0 3,2 0,2 1,3 
2026-06-30 13:22:00.438 10 44850786
0,3 1,2 1,0 3,2 0,2 1,3 2,1 3,0 2,0 3,1 
2026-06-30 13:22:00.535 10 45013218
1,2 3,0 0,2 3,1 0,3 2,1 1,0 3,2 1,3 2,0 
2026-06-30 13:22:00.555 10 45047543
2,0 3,1 1,0 3,2 2,1 3,0 0,2 1,3 0,3 1,2 
2026-06-30 13:22:00.587 10 45100414
0,3 1,2 1,0 3,2 0,2 1,3 2,1 3,0 2,0 3,1 
2026-06-30 13:22:00.675 10 45249988
0,3 2,1 0,2 1,3 1,0 3,2 1,2 3,0 2,0 3,1 
2026-06-30 13:22:00.687 10 45270085
1,3 2,0 0,3 1,2 1,0 3,2 0,2 3,1 2,1 3,0 
2026-06-30 13:22:00.903 10 45632332
2,1 3,0 1,3 2,0 0,3 1,2 0,2 3,1 1,0 3,2 
2026-06-30 13:22:00.974 10 45753312
0,3 2,1 0,2 1,3 1,0 3,2 1,2 3,0 2,0 3,1 
2026-06-30 13:22:01.157 10 46060485
2,0 3,1 0,3 1,2 0,2 1,3 1,0 3,2 2,1 3,0 
2026-06-30 13:22:01.329 10 46348950
0,2 3,1 2,1 3,0 1,3 2,0 1,0 3,2 0,3 1,2 
2026-06-30 13:22:01.468 10 46581781
2,0 3,1 0,3 2,1 1,0 3,2 1,2 3,0 0,2 1,3 
2026-06-30 13:22:01.530 10 46686106
1,2 3,0 1,0 3,2 0,2 1,3 0,3 2,1 2,0 3,1 
2026-06-30 13:22:01.554 10 46727127
0,2 3,1 1,2 3,0 1,3 2,0 0,3 2,1 1,0 3,2 
2026-06-30 13:22:01.649 10 46885239
1,3 2,0 1,2 3,0 1,0 3,2 0,2 3,1 0,3 2,1 
2026-06-30 13:22:01.716 10 46999328
1,2 3,0 0,2 1,3 0,3 2,1 2,0 3,1 1,0 3,2 
2026-06-30 13:22:01.732 10 47023439
1,3 2,0 2,1 3,0 1,0 3,2 0,2 3,1 0,3 1,2 
2026-06-30 13:22:01.821 10 47174343
0,2 1,3 1,2 3,0 2,0 3,1 1,0 3,2 0,3 2,1 
2026-06-30 13:22:01.882 10 47277163
0,3 1,2 0,2 1,3 2,1 3,0 1,0 3,2 2,0 3,1 
2026-06-30 13:22:01.898 10 47302902
0,2 3,1 0,3 1,2 1,3 2,0 2,1 3,0 1,0 3,2 
2026-06-30 13:22:02.042 10 47544963
0,3 2,1 1,3 2,0 1,2 3,0 1,0 3,2 0,2 3,1 
2026-06-30 13:22:02.206 10 47819505
0,2 3,1 2,1 3,0 1,3 2,0 1,0 3,2 0,3 1,2 
2026-06-30 13:22:02.275 10 47935652
0,3 1,2 0,2 1,3 1,0 3,2 2,1 3,0 2,0 3,1 
2026-06-30 13:22:02.705 10 48657949
0,3 1,2 2,0 3,1 1,0 3,2 2,1 3,0 0,2 1,3 
2026-06-30 13:22:02.759 10 48748119
0,2 3,1 0,3 2,1 1,3 2,0 1,0 3,2 1,2 3,0 
2026-06-30 13:22:02.826 10 48861798
1,2 3,0 1,0 3,2 1,3 2,0 0,3 2,1 0,2 3,1 
2026-06-30 13:22:02.886 10 48962127
0,3 1,2 1,0 3,2 0,2 1,3 2,1 3,0 2,0 3,1 
2026-06-30 13:22:02.946 10 49063581
0,2 1,3 1,2 3,0 1,0 3,2 0,3 2,1 2,0 3,1 
2026-06-30 13:22:02.952 10 49073976
2,0 3,1 1,0 3,2 0,3 2,1 0,2 1,3 1,2 3,0 
2026-06-30 13:22:03.069 10 49270784
1,2 3,0 1,0 3,2 0,2 3,1 0,3 2,1 1,3 2,0 
2026-06-30 13:22:03.102 10 49327174
1,2 3,0 1,3 2,0 0,3 2,1 0,2 3,1 1,0 3,2 
2026-06-30 13:22:03.192 10 49478029
2,0 3,1 0,3 1,2 0,2 1,3 1,0 3,2 2,1 3,0 
2026-06-30 13:22:03.404 10 49833194
0,3 1,2 2,0 3,1 1,0 3,2 2,1 3,0 0,2 1,3 
2026-06-30 13:22:03.413 10 49848960
2,0 3,1 0,3 1,2 1,0 3,2 2,1 3,0 0,2 1,3 
2026-06-30 13:22:03.574 10 50119659
0,3 2,1 1,0 3,2 1,3 2,0 1,2 3,0 0,2 3,1 
2026-06-30 13:22:03.759 10 50425031
0,3 2,1 2,0 3,1 1,2 3,0 1,0 3,2 0,2 1,3 
2026-06-30 13:22:03.807 10 50506663
1,3 2,0 0,3 2,1 0,2 3,1 1,0 3,2 1,2 3,0 
2026-06-30 13:22:03.854 10 50584392
0,2 3,1 0,3 2,1 1,0 3,2 1,3 2,0 1,2 3,0 
2026-06-30 13:22:04.248 10 51246820
1,2 3,0 0,2 3,1 0,3 2,1 1,3 2,0 1,0 3,2 
2026-06-30 13:22:04.521 10 51705615
2,1 3,0 1,3 2,0 0,3 1,2 0,2 3,1 1,0 3,2 
2026-06-30 13:22:04.576 10 51798230
0,2 3,1 1,0 3,2 0,3 2,1 1,3 2,0 1,2 3,0 
2026-06-30 13:22:04.608 10 51852195
1,3 2,0 2,1 3,0 1,0 3,2 0,2 3,1 0,3 1,2 
2026-06-30 13:22:04.886 10 52321793
1,2 3,0 0,2 3,1 1,0 3,2 1,3 2,0 0,3 2,1 
2026-06-30 13:22:04.955 10 52438219
0,2 1,3 2,1 3,0 2,0 3,1 0,3 1,2 1,0 3,2 
2026-06-30 13:22:04.967 10 52458235
1,2 3,0 1,0 3,2 0,2 1,3 0,3 2,1 2,0 3,1 
2026-06-30 13:22:05.090 10 52664507
2,1 3,0 0,2 1,3 1,0 3,2 0,3 1,2 2,0 3,1 
2026-06-30 13:22:05.100 10 52682393
0,2 3,1 0,3 1,2 1,3 2,0 2,1 3,0 1,0 3,2 
2026-06-30 13:22:05.111 10 52700005
0,2 1,3 0,3 2,1 1,0 3,2 1,2 3,0 2,0 3,1 
2026-06-30 13:22:05.327 10 53065102
2,1 3,0 0,2 1,3 1,0 3,2 0,3 1,2 2,0 3,1 
2026-06-30 13:22:05.419 10 53219894
2,1 3,0 2,0 3,1 0,3 1,2 1,0 3,2 0,2 1,3 
2026-06-30 13:22:05.429 10 53236351
1,2 3,0 2,0 3,1 1,0 3,2 0,2 1,3 0,3 2,1 
2026-06-30 13:22:05.433 10 53243080
1,2 3,0 1,3 2,0 1,0 3,2 0,2 3,1 0,3 2,1 
2026-06-30 13:22:05.469 10 53303921
1,2 3,0 0,2 3,1 0,3 2,1 1,0 3,2 1,3 2,0 
2026-06-30 13:22:05.498 10 53351982
1,2 3,0 1,3 2,0 0,3 2,1 0,2 3,1 1,0 3,2 
2026-06-30 13:22:05.542 10 53416379
1,3 2,0 1,0 3,2 1,2 3,0 0,2 3,1 0,3 2,1 
2026-06-30 13:22:05.554 10 53437043
1,3 2,0 0,3 1,2 0,2 3,1 1,0 3,2 2,1 3,0 
2026-06-30 13:22:05.761 10 53785674
0,2 1,3 2,1 3,0 2,0 3,1 0,3 1,2 1,0 3,2 
2026-06-30 13:22:05.955 10 54114573
2,1 3,0 0,2 1,3 1,0 3,2 0,3 1,2 2,0 3,1 
2026-06-30 13:22:06.026 10 54234565
1,2 3,0 0,2 3,1 1,0 3,2 1,3 2,0 0,3 2,1 
2026-06-30 13:22:06.112 10 54378294
0,3 2,1 0,2 3,1 1,2 3,0 1,3 2,0 1,0 3,2 
2026-06-30 13:22:06.233 10 54583108
0,3 1,2 0,2 1,3 2,1 3,0 2,0 3,1 1,0 3,2 
2026-06-30 13:22:06.257 10 54624370
0,2 1,3 1,2 3,0 1,0 3,2 0,3 2,1 2,0 3,1 
2026-06-30 13:22:06.461 10 54967362
1,2 3,0 0,2 1,3 1,0 3,2 2,0 3,1 0,3 2,1 
2026-06-30 13:22:06.513 10 55055159
1,2 3,0 1,0 3,2 2,0 3,1 0,3 2,1 0,2 1,3 
2026-06-30 13:22:06.842 10 55610057
0,2 3,1 1,0 3,2 1,2 3,0 1,3 2,0 0,3 2,1 
2026-06-30 13:22:06.852 10 55625895
2,0 3,1 1,2 3,0 1,0 3,2 0,3 2,1 0,2 1,3 
2026-06-30 13:22:07.138 10 56110533
2,0 3,1 0,3 1,2 0,2 1,3 2,1 3,0 1,0 3,2 
2026-06-30 13:22:07.376 10 56510649
1,3 2,0 0,3 1,2 0,2 3,1 1,0 3,2 2,1 3,0 
2026-06-30 13:22:07.524 10 56759498
2,0 3,1 0,3 2,1 1,0 3,2 1,2 3,0 0,2 1,3 
2026-06-30 13:22:07.543 10 56791564
2,1 3,0 1,0 3,2 2,0 3,1 0,3 1,2 0,2 1,3 
2026-06-30 13:22:07.579 10 56852122
0,2 1,3 2,1 3,0 1,0 3,2 2,0 3,1 0,3 1,2 
2026-06-30 13:22:07.639 10 56954579
0,3 2,1 1,0 3,2 1,3 2,0 1,2 3,0 0,2 3,1 
2026-06-30 13:22:07.867 10 57339583
0,2 3,1 0,3 2,1 1,0 3,2 1,2 3,0 1,3 2,0 
2026-06-30 13:22:08.003 10 57568490
2,0 3,1 1,2 3,0 0,2 1,3 1,0 3,2 0,3 2,1 
2026-06-30 13:22:08.023 10 57602272
0,2 3,1 0,3 1,2 1,3 2,0 1,0 3,2 2,1 3,0 
2026-06-30 13:22:08.085 10 57706303
0,3 2,1 0,2 3,1 1,2 3,0 1,3 2,0 1,0 3,2 
2026-06-30 13:22:08.215 10 57925252
1,3 2,0 2,1 3,0 1,0 3,2 0,3 1,2 0,2 3,1 
2026-06-30 13:22:08.236 10 57960600
0,3 2,1 1,3 2,0 1,0 3,2 0,2 3,1 1,2 3,0 
2026-06-30 13:22:08.326 10 58112716
2,0 3,1 0,3 2,1 1,0 3,2 1,2 3,0 0,2 1,3 
2026-06-30 13:22:08.417 10 58265393
0,2 1,3 1,0 3,2 0,3 1,2 2,0 3,1 2,1 3,0 
2026-06-30 13:22:08.464 10 58344933
2,0 3,1 1,2 3,0 0,2 1,3 0,3 2,1 1,0 3,2 
2026-06-30 13:22:08.475 10 58363403
2,1 3,0 2,0 3,1 1,0 3,2 0,3 1,2 0,2 1,3 
2026-06-30 13:22:08.857 10 59007363
1,3 2,0 0,3 1,2 0,2 3,1 2,1 3,0 1,0 3,2 
2026-06-30 13:22:08.861 10 59014787
1,2 3,0 1,3 2,0 1,0 3,2 0,3 2,1 0,2 3,1 
2026-06-30 13:22:08.985 10 59223300
0,2 1,3 0,3 2,1 1,0 3,2 2,0 3,1 1,2 3,0 
2026-06-30 13:22:09.038 10 59313181
2,0 3,1 2,1 3,0 0,2 1,3 1,0 3,2 0,3 1,2 
2026-06-30 13:22:09.180 10 59550236
1,3 2,0 2,1 3,0 0,2 3,1 0,3 1,2 1,0 3,2 
2026-06-30 13:22:09.452 10 60008482
0,2 1,3 1,2 3,0 1,0 3,2 2,0 3,1 0,3 2,1 
2026-06-30 13:22:09.524 10 60128805
0,3 2,1 1,0 3,2 2,0 3,1 1,2 3,0 0,2 1,3 
2026-06-30 13:22:09.583 10 60228740
0,3 2,1 1,0 3,2 2,0 3,1 1,2 3,0 0,2 1,3 
2026-06-30 13:22:09.755 10 60519469
0,3 1,2 2,0 3,1 2,1 3,0 0,2 1,3 1,0 3,2 
2026-06-30 13:22:09.792 10 60581384
2,1 3,0 0,2 3,1 1,0 3,2 1,3 2,0 0,3 1,2 
2026-06-30 13:22:09.939 10 60830740
0,3 2,1 1,3 2,0 1,2 3,0 1,0 3,2 0,2 3,1 
2026-06-30 13:22:09.966 10 60877073
0,3 2,1 0,2 3,1 1,2 3,0 1,3 2,0 1,0 3,2 
2026-06-30 13:22:10.101 10 61100890
0,2 1,3 0,3 2,1 2,0 3,1 1,0 3,2 1,2 3,0 
2026-06-30 13:22:10.241 10 61338227
0,3 1,2 1,0 3,2 1,3 2,0 2,1 3,0 0,2 3,1 
2026-06-30 13:22:10.295 10 61429676
2,0 3,1 0,3 1,2 0,2 1,3 2,1 3,0 1,0 3,2 
2026-06-30 13:22:10.310 10 61454578
1,3 2,0 1,2 3,0 1,0 3,2 0,2 3,1 0,3 2,1 
2026-06-30 13:22:10.357 10 61533807
0,3 2,1 1,0 3,2 0,2 1,3 1,2 3,0 2,0 3,1 
2026-06-30 13:22:10.403 10 61611498
0,3 2,1 2,0 3,1 1,2 3,0 1,0 3,2 0,2 1,3 
2026-06-30 13:22:10.436 10 61666545
1,3 2,0 0,3 2,1 1,0 3,2 0,2 3,1 1,2 3,0 
2026-06-30 13:22:10.468 10 61719878
1,3 2,0 0,3 2,1 1,0 3,2 0,2 3,1 1,2 3,0 
2026-06-30 13:22:10.479 10 61738609
2,0 3,1 1,0 3,2 1,2 3,0 0,2 1,3 0,3 2,1 
2026-06-30 13:22:10.524 10 61813287
2,0 3,1 1,0 3,2 2,1 3,0 0,2 1,3 0,3 1,2 
2026-06-30 13:22:10.536 10 61833971
0,2 1,3 0,3 1,2 2,0 3,1 2,1 3,0 1,0 3,2 
2026-06-30 13:22:10.645 10 62017466
0,3 2,1 1,3 2,0 1,0 3,2 1,2 3,0 0,2 3,1 
2026-06-30 13:22:10.653 10 62031348
0,3 2,1 1,0 3,2 1,3 2,0 1,2 3,0 0,2 3,1 
2026-06-30 13:22:10.718 10 62140845
1,2 3,0 0,2 3,1 0,3 2,1 1,0 3,2 1,3 2,0 
2026-06-30 13:22:10.739 10 62174764
1,3 2,0 2,1 3,0 1,0 3,2 0,2 3,1 0,3 1,2 
2026-06-30 13:22:10.949 10 62527944
2,1 3,0 1,0 3,2 2,0 3,1 0,3 1,2 0,2 1,3 
2026-06-30 13:22:10.958 10 62542638
2,1 3,0 1,3 2,0 0,3 1,2 0,2 3,1 1,0 3,2 
2026-06-30 13:22:10.979 10 62578053
1,2 3,0 1,3 2,0 0,3 2,1 1,0 3,2 0,2 3,1 
2026-06-30 13:22:11.147 10 62861317
0,2 3,1 1,2 3,0 1,3 2,0 0,3 2,1 1,0 3,2 
2026-06-30 13:22:11.176 10 62909011
2,1 3,0 1,0 3,2 0,2 3,1 0,3 1,2 1,3 2,0 
2026-06-30 13:22:11.274 10 63074408
0,3 1,2 0,2 1,3 2,1 3,0 2,0 3,1 1,0 3,2 
2026-06-30 13:22:11.427 10 63330713
0,2 3,1 0,3 1,2 1,3 2,0 2,1 3,0 1,0 3,2 
2026-06-30 13:22:11.430 10 63335942
0,3 2,1 2,0 3,1 1,0 3,2 0,2 1,3 1,2 3,0 
2026-06-30 13:22:11.553 10 63542774
1,3 2,0 0,3 1,2 0,2 3,1 2,1 3,0 1,0 3,2 
2026-06-30 13:22:11.810 10 63971920
2,0 3,1 0,3 1,2 1,0 3,2 0,2 1,3 2,1 3,0 
2026-06-30 13:22:12.056 10 64384557
0,3 2,1 2,0 3,1 1,2 3,0 1,0 3,2 0,2 1,3 
2026-06-30 13:22:12.164 10 64566087
2,0 3,1 0,3 1,2 1,0 3,2 2,1 3,0 0,2 1,3 
2026-06-30 13:22:12.366 10 64906356
1,3 2,0 2,1 3,0 0,2 3,1 0,3 1,2 1,0 3,2 
2026-06-30 13:22:12.528 10 65178830
2,1 3,0 2,0 3,1 1,0 3,2 0,2 1,3 0,3 1,2 
2026-06-30 13:22:12.629 10 65348457
0,2 3,1 2,1 3,0 1,0 3,2 0,3 1,2 1,3 2,0 
2026-06-30 13:22:12.635 10 65357546
0,2 1,3 0,3 1,2 2,0 3,1 1,0 3,2 2,1 3,0 
2026-06-30 13:22:12.739 10 65532126
0,2 1,3 0,3 2,1 1,0 3,2 2,0 3,1 1,2 3,0 
2026-06-30 13:22:12.820 10 65667845
0,2 3,1 1,0 3,2 1,2 3,0 1,3 2,0 0,3 2,1 
2026-06-30 13:22:12.857 10 65729252
0,3 1,2 2,0 3,1 1,0 3,2 0,2 1,3 2,1 3,0 
2026-06-30 13:22:12.926 10 65844616
1,2 3,0 1,3 2,0 0,3 2,1 1,0 3,2 0,2 3,1 
2026-06-30 13:22:13.140 10 66205102
2,0 3,1 0,3 1,2 1,0 3,2 0,2 1,3 2,1 3,0 
2026-06-30 13:22:13.306 10 66485971
2,1 3,0 2,0 3,1 1,0 3,2 0,2 1,3 0,3 1,2 
2026-06-30 13:22:13.702 10 67150634
0,2 3,1 1,0 3,2 0,3 1,2 1,3 2,0 2,1 3,0 
2026-06-30 13:22:13.936 10 67543307
0,3 1,2 1,0 3,2 1,3 2,0 2,1 3,0 0,2 3,1 
2026-06-30 13:22:14.135 10 67877296
1,2 3,0 2,0 3,1 0,3 2,1 1,0 3,2 0,2 1,3 
2026-06-30 13:22:14.162 10 67923367
1,2 3,0 0,2 3,1 0,3 2,1 1,3 2,0 1,0 3,2 
2026-06-30 13:22:14.333 10 68209614
1,3 2,0 0,3 2,1 1,0 3,2 1,2 3,0 0,2 3,1 
2026-06-30 13:22:14.445 10 68397002
2,0 3,1 1,2 3,0 0,2 1,3 0,3 2,1 1,0 3,2 
2026-06-30 13:22:14.470 10 68438223
0,3 1,2 1,0 3,2 0,2 1,3 2,1 3,0 2,0 3,1 
2026-06-30 13:22:14.565 10 68596601
0,3 2,1 0,2 1,3 1,2 3,0 2,0 3,1 1,0 3,2 
2026-06-30 13:22:14.614 10 68679019
1,2 3,0 0,2 1,3 0,3 2,1 2,0 3,1 1,0 3,2 
2026-06-30 13:22:14.747 10 68903773
0,3 2,1 1,0 3,2 2,0 3,1 1,2 3,0 0,2 1,3 
2026-06-30 13:22:15.073 10 69449387
2,1 3,0 1,0 3,2 2,0 3,1 0,3 1,2 0,2 1,3 
2026-06-30 13:22:15.076 10 69454408
1,3 2,0 0,3 1,2 1,0 3,2 0,2 3,1 2,1 3,0 
2026-06-30 13:22:15.252 10 69750508
1,2 3,0 0,2 3,1 1,0 3,2 0,3 2,1 1,3 2,0 
2026-06-30 13:22:15.389 10 69978946
0,2 3,1 0,3 1,2 1,3 2,0 1,0 3,2 2,1 3,0 
2026-06-30 13:22:15.466 10 70108763
0,2 1,3 0,3 1,2 2,0 3,1 1,0 3,2 2,1 3,0 
2026-06-30 13:22:15.486 10 70141334
1,2 3,0 1,0 3,2 1,3 2,0 0,3 2,1 0,2 3,1 
2026-06-30 13:22:15.510 10 70181098
0,2 3,1 0,3 1,2 1,3 2,0 1,0 3,2 2,1 3,0 
2026-06-30 13:22:15.539 10 70230007
2,1 3,0 0,2 3,1 1,0 3,2 0,3 1,2 1,3 2,0 
2026-06-30 13:22:15.626 10 70376296
2,0 3,1 1,2 3,0 0,2 1,3 0,3 2,1 1,0 3,2 
2026-06-30 13:22:15.845 10 70745430
0,2 1,3 1,2 3,0 1,0 3,2 2,0 3,1 0,3 2,1 
2026-06-30 13:22:15.853 10 70759445
1,3 2,0 2,1 3,0 0,2 3,1 1,0 3,2 0,3 1,2 
2026-06-30 13:22:15.890 10 70820799
0,2 3,1 2,1 3,0 1,3 2,0 0,3 1,2 1,0 3,2 
2026-06-30 13:22:15.913 10 70858726
1,3 2,0 1,2 3,0 1,0 3,2 0,2 3,1 0,3 2,1 
2026-06-30 13:22:15.929 10 70886536
0,3 1,2 0,2 3,1 2,1 3,0 1,3 2,0 1,0 3,2 
2026-06-30 13:22:16.027 10 71051791
1,2 3,0 2,0 3,1 1,0 3,2 0,3 2,1 0,2 1,3 
2026-06-30 13:22:16.078 10 71137233
0,2 3,1 1,0 3,2 2,1 3,0 1,3 2,0 0,3 1,2 
2026-06-30 13:22:16.120 10 71206789
2,1 3,0 0,2 3,1 0,3 1,2 1,0 3,2 1,3 2,0 
2026-06-30 13:22:16.244 10 71415534
1,2 3,0 0,2 1,3 0,3 2,1 2,0 3,1 1,0 3,2 
2026-06-30 13:22:16.325 10 71551814
2,0 3,1 1,2 3,0 1,0 3,2 0,2 1,3 0,3 2,1 
2026-06-30 13:22:16.513 10 71865967
1,3 2,0 0,3 2,1 1,0 3,2 1,2 3,0 0,2 3,1 
2026-06-30 13:22:17.250 10 73101932
1,3 2,0 0,3 1,2 0,2 3,1 2,1 3,0 1,0 3,2 
2026-06-30 13:22:17.308 10 73199001
1,3 2,0 2,1 3,0 1,0 3,2 0,3 1,2 0,2 3,1 
2026-06-30 13:22:17.396 10 73346023
2,0 3,1 2,1 3,0 1,0 3,2 0,3 1,2 0,2 1,3 
2026-06-30 13:22:17.409 10 73366775
0,3 2,1 1,0 3,2 1,3 2,0 1,2 3,0 0,2 3,1 
2026-06-30 13:22:17.410 10 73369215
0,2 3,1 1,0 3,2 1,2 3,0 1,3 2,0 0,3 2,1 
2026-06-30 13:22:17.694 10 73844217
0,3 1,2 0,2 3,1 1,0 3,2 1,3 2,0 2,1 3,0 
2026-06-30 13:22:17.845 10 74096280
2,0 3,1 1,0 3,2 1,2 3,0 0,2 1,3 0,3 2,1 
2026-06-30 13:22:17.849 10 74103731
0,3 1,2 2,0 3,1 2,1 3,0 0,2 1,3 1,0 3,2 
2026-06-30 13:22:17.962 10 74292115
0,3 1,2 2,0 3,1 1,0 3,2 0,2 1,3 2,1 3,0 
2026-06-30 13:22:18.025 10 74398293
2,1 3,0 2,0 3,1 0,3 1,2 0,2 1,3 1,0 3,2 
2026-06-30 13:22:18.183 10 74663615
2,1 3,0 1,0 3,2 1,3 2,0 0,3 1,2 0,2 3,1 
2026-06-30 13:22:18.213 10 74713989
0,3 1,2 1,0 3,2 0,2 1,3 2,1 3,0 2,0 3,1 
2026-06-30 13:22:18.290 10 74841988
0,3 1,2 0,2 1,3 1,0 3,2 2,0 3,1 2,1 3,0 
2026-06-30 13:22:18.485 10 75168803
1,3 2,0 1,0 3,2 2,1 3,0 0,2 3,1 0,3 1,2 
2026-06-30 13:22:18.619 10 75393821
0,2 3,1 0,3 1,2 1,0 3,2 2,1 3,0 1,3 2,0 
2026-06-30 13:22:18.829 10 75746202
2,0 3,1 1,0 3,2 1,2 3,0 0,2 1,3 0,3 2,1 
2026-06-30 13:22:18.959 10 75962624
2,0 3,1 0,3 2,1 1,0 3,2 0,2 1,3 1,2 3,0 
2026-06-30 13:22:19.005 10 76039703
0,2 3,1 0,3 1,2 1,0 3,2 1,3 2,0 2,1 3,0 
2026-06-30 13:22:19.043 10 76102218
2,0 3,1 0,3 2,1 0,2 1,3 1,2 3,0 1,0 3,2 
2026-06-30 13:22:19.442 10 76771307
1,2 3,0 0,2 1,3 0,3 2,1 1,0 3,2 2,0 3,1 
2026-06-30 13:22:19.493 10 76857263
1,3 2,0 2,1 3,0 1,0 3,2 0,2 3,1 0,3 1,2 
2026-06-30 13:22:19.663 10 77141264
0,2 3,1 1,0 3,2 0,3 1,2 1,3 2,0 2,1 3,0 
2026-06-30 13:22:20.132 10 77926436
1,2 3,0 0,2 3,1 1,0 3,2 1,3 2,0 0,3 2,1 
2026-06-30 13:22:20.147 10 77951485
1,3 2,0 0,3 2,1 0,2 3,1 1,0 3,2 1,2 3,0 
2026-06-30 13:22:20.189 10 78021742
2,1 3,0 1,3 2,0 0,3 1,2 1,0 3,2 0,2 3,1 
2026-06-30 13:22:20.189 10 78021882
0,3 1,2 0,2 3,1 2,1 3,0 1,0 3,2 1,3 2,0 
2026-06-30 13:22:20.244 10 78113304
2,1 3,0 0,2 1,3 0,3 1,2 1,0 3,2 2,0 3,1 
2026-06-30 13:22:20.268 10 78154311
2,0 3,1 1,2 3,0 1,0 3,2 0,2 1,3 0,3 2,1 
2026-06-30 13:22:20.292 10 78194207
1,2 3,0 1,0 3,2 1,3 2,0 0,3 2,1 0,2 3,1 
2026-06-30 13:22:20.311 10 78225932
2,0 3,1 1,0 3,2 2,1 3,0 0,2 1,3 0,3 1,2 
2026-06-30 13:22:20.338 10 78272580
1,2 3,0 2,0 3,1 0,3 2,1 1,0 3,2 0,2 1,3 
2026-06-30 13:22:20.365 10 78317675
0,3 2,1 0,2 3,1 1,2 3,0 1,0 3,2 1,3 2,0 
2026-06-30 13:22:20.365 10 78318031
1,3 2,0 1,0 3,2 2,1 3,0 0,2 3,1 0,3 1,2 
2026-06-30 13:22:20.409 10 78390247
2,1 3,0 2,0 3,1 0,3 1,2 0,2 1,3 1,0 3,2 
2026-06-30 13:22:20.519 10 78575109
1,2 3,0 2,0 3,1 1,0 3,2 0,3 2,1 0,2 1,3 
2026-06-30 13:22:20.546 10 78620162
0,2 3,1 0,3 1,2 1,3 2,0 1,0 3,2 2,1 3,0 
2026-06-30 13:22:20.902 10 79213610
0,3 2,1 2,0 3,1 1,0 3,2 1,2 3,0 0,2 1,3 
2026-06-30 13:22:20.938 10 79273169
0,2 1,3 0,3 1,2 1,0 3,2 2,0 3,1 2,1 3,0 
2026-06-30 13:22:21.128 10 79592688
2,0 3,1 1,2 3,0 1,0 3,2 0,3 2,1 0,2 1,3 
2026-06-30 13:22:21.131 10 79597224
1,2 3,0 1,0 3,2 0,2 3,1 0,3 2,1 1,3 2,0 
2026-06-30 13:22:21.177 10 79674226
1,3 2,0 1,0 3,2 0,3 1,2 0,2 3,1 2,1 3,0 
2026-06-30 13:22:21.426 10 80092493
0,3 2,1 2,0 3,1 1,2 3,0 1,0 3,2 0,2 1,3 
2026-06-30 13:22:21.498 10 80213530
0,3 2,1 2,0 3,1 1,0 3,2 0,2 1,3 1,2 3,0 
2026-06-30 13:22:21.569 10 80331815
1,3 2,0 1,0 3,2 0,3 1,2 0,2 3,1 2,1 3,0 
2026-06-30 13:22:21.651 10 80468624
0,3 1,2 1,0 3,2 0,2 3,1 2,1 3,0 1,3 2,0 
2026-06-30 13:22:21.660 10 80483359
0,2 1,3 2,1 3,0 1,0 3,2 0,3 1,2 2,0 3,1 
2026-06-30 13:22:21.741 10 80618324
1,3 2,0 0,3 2,1 0,2 3,1 1,2 3,0 1,0 3,2 
2026-06-30 13:22:22.112 10 81243600
0,2 1,3 1,0 3,2 0,3 1,2 2,0 3,1 2,1 3,0 
2026-06-30 13:22:22.420 10 81758894
1,2 3,0 0,2 3,1 1,0 3,2 0,3 2,1 1,3 2,0 
2026-06-30 13:22:22.660 10 82160431
0,2 3,1 2,1 3,0 1,0 3,2 1,3 2,0 0,3 1,2 
2026-06-30 13:22:22.673 10 82182785
0,3 2,1 2,0 3,1 1,2 3,0 0,2 1,3 1,0 3,2 
2026-06-30 13:22:22.817 10 82423038
0,3 2,1 1,0 3,2 1,3 2,0 1,2 3,0 0,2 3,1 
2026-06-30 13:22:23.226 10 83107736
2,1 3,0 1,0 3,2 1,3 2,0 0,3 1,2 0,2 3,1 
2026-06-30 13:22:23.270 10 83180535
1,2 3,0 1,0 3,2 2,0 3,1 0,3 2,1 0,2 1,3 
2026-06-30 13:22:23.280 10 83198230
1,2 3,0 2,0 3,1 1,0 3,2 0,2 1,3 0,3 2,1 
2026-06-30 13:22:23.428 10 83445951
0,3 2,1 1,0 3,2 1,3 2,0 1,2 3,0 0,2 3,1 
2026-06-30 13:22:23.451 10 83483710
0,2 3,1 1,2 3,0 1,3 2,0 0,3 2,1 1,0 3,2 
2026-06-30 13:22:23.590 10 83716165
2,1 3,0 2,0 3,1 0,3 1,2 1,0 3,2 0,2 1,3 
2026-06-30 13:22:23.860 10 84170236
0,2 3,1 0,3 2,1 1,0 3,2 1,2 3,0 1,3 2,0 
2026-06-30 13:22:24.048 10 84482960
0,2 3,1 0,3 1,2 1,3 2,0 1,0 3,2 2,1 3,0 
2026-06-30 13:22:24.084 10 84543154
1,3 2,0 1,2 3,0 0,2 3,1 1,0 3,2 0,3 2,1 
2026-06-30 13:22:24.182 10 84708137
2,1 3,0 1,3 2,0 1,0 3,2 0,3 1,2 0,2 3,1 
2026-06-30 13:22:24.186 10 84715169
1,3 2,0 1,2 3,0 1,0 3,2 0,3 2,1 0,2 3,1 
2026-06-30 13:22:24.195 10 84729327
2,1 3,0 1,0 3,2 1,3 2,0 0,3 1,2 0,2 3,1 
2026-06-30 13:22:24.233 10 84793480
2,0 3,1 0,3 1,2 0,2 1,3 1,0 3,2 2,1 3,0 
2026-06-30 13:22:24.515 10 85264696
2,0 3,1 1,0 3,2 0,3 2,1 0,2 1,3 1,2 3,0 
2026-06-30 13:22:24.619 10 85438249
1,3 2,0 0,3 2,1 1,0 3,2 1,2 3,0 0,2 3,1 
2026-06-30 13:22:24.665 10 85514451
0,2 1,3 0,3 2,1 2,0 3,1 1,2 3,0 1,0 3,2 
2026-06-30 13:22:24.780 10 85708248
2,0 3,1 0,3 2,1 0,2 1,3 1,2 3,0 1,0 3,2 
2026-06-30 13:22:24.871 10 85860236
1,2 3,0 1,0 3,2 0,2 3,1 0,3 2,1 1,3 2,0 
2026-06-30 13:22:24.946 10 85986042
1,2 3,0 0,2 1,3 1,0 3,2 0,3 2,1 2,0 3,1 
2026-06-30 13:22:25.107 10 86257178
0,2 3,1 2,1 3,0 1,0 3,2 0,3 1,2 1,3 2,0 
2026-06-30 13:22:25.158 10 86342241
0,3 2,1 0,2 3,1 1,0 3,2 1,3 2,0 1,2 3,0 
2026-06-30 13:22:25.225 10 86455976
1,3 2,0 1,0 3,2 1,2 3,0 0,2 3,1 0,3 2,1 
2026-06-30 13:22:25.333 10 86636823
0,2 1,3 1,2 3,0 1,0 3,2 0,3 2,1 2,0 3,1 
2026-06-30 13:22:25.418 10 86779426
1,2 3,0 1,0 3,2 1,3 2,0 0,3 2,1 0,2 3,1 
2026-06-30 13:22:25.446 10 86827487
0,2 3,1 0,3 1,2 1,3 2,0 2,1 3,0 1,0 3,2 
2026-06-30 13:22:25.484 10 86890500
0,2 1,3 1,0 3,2 0,3 1,2 2,0 3,1 2,1 3,0 
2026-06-30 13:22:25.804 10 87427387
0,2 3,1 0,3 1,2 1,0 3,2 1,3 2,0 2,1 3,0 
2026-06-30 13:22:26.037 10 87818122
2,0 3,1 1,2 3,0 0,2 1,3 1,0 3,2 0,3 2,1 
2026-06-30 13:22:26.091 10 87908833
2,0 3,1 0,3 1,2 1,0 3,2 0,2 1,3 2,1 3,0 
2026-06-30 13:22:26.101 10 87925432
0,2 1,3 2,1 3,0 2,0 3,1 1,0 3,2 0,3 1,2 
2026-06-30 13:22:26.170 10 88042046
1,3 2,0 0,3 1,2 1,0 3,2 2,1 3,0 0,2 3,1 
2026-06-30 13:22:26.251 10 88177507
0,3 2,1 2,0 3,1 1,2 3,0 1,0 3,2 0,2 1,3 
2026-06-30 13:22:26.319 10 88292207
2,1 3,0 0,2 1,3 0,3 1,2 2,0 3,1 1,0 3,2 
2026-06-30 13:22:26.438 10 88490433
1,2 3,0 2,0 3,1 0,3 2,1 1,0 3,2 0,2 1,3 
2026-06-30 13:22:26.441 10 88495875
1,2 3,0 1,3 2,0 0,3 2,1 0,2 3,1 1,0 3,2 
2026-06-30 13:22:26.495 10 88584483
0,3 2,1 0,2 3,1 1,2 3,0 1,3 2,0 1,0 3,2 
2026-06-30 13:22:26.505 10 88601223
1,3 2,0 2,1 3,0 0,2 3,1 1,0 3,2 0,3 1,2 
2026-06-30 13:22:26.533 10 88648966
0,2 3,1 0,3 2,1 1,0 3,2 1,3 2,0 1,2 3,0 
2026-06-30 13:22:26.664 10 88867886
0,3 1,2 1,3 2,0 1,0 3,2 2,1 3,0 0,2 3,1 
2026-06-30 13:22:26.761 10 89030766
0,2 3,1 1,0 3,2 0,3 2,1 1,3 2,0 1,2 3,0 
2026-06-30 13:22:27.165 10 89706029
0,2 1,3 0,3 1,2 2,0 3,1 2,1 3,0 1,0 3,2 
2026-06-30 13:22:27.187 10 89743770
0,2 1,3 1,0 3,2 1,2 3,0 2,0 3,1 0,3 2,1 
2026-06-30 13:22:27.651 10 90484891
2,1 3,0 1,0 3,2 2,0 3,1 0,3 1,2 0,2 1,3 
2026-06-30 13:22:27.791 10 90713038
0,2 3,1 2,1 3,0 1,3 2,0 0,3 1,2 1,0 3,2 
2026-06-30 13:22:27.836 10 90786838
2,1 3,0 2,0 3,1 0,3 1,2 0,2 1,3 1,0 3,2 
2026-06-30 13:22:27.860 10 90825806
1,3 2,0 1,0 3,2 0,3 2,1 0,2 3,1 1,2 3,0 
2026-06-30 13:22:27.888 10 90871822
0,3 2,1 0,2 3,1 1,2 3,0 1,3 2,0 1,0 3,2 
2026-06-30 13:22:28.040 10 91091084
0,2 3,1 0,3 1,2 1,0 3,2 2,1 3,0 1,3 2,0 
2026-06-30 13:22:28.107 10 91204279
0,2 3,1 1,0 3,2 0,3 1,2 1,3 2,0 2,1 3,0 
2026-06-30 13:22:28.125 10 91233990
1,2 3,0 1,3 2,0 1,0 3,2 0,3 2,1 0,2 3,1 
2026-06-30 13:22:28.135 10 91250668
2,0 3,1 0,3 2,1 0,2 1,3 1,2 3,0 1,0 3,2 
2026-06-30 13:22:28.136 10 91251926
2,1 3,0 2,0 3,1 1,0 3,2 0,3 1,2 0,2 1,3 
2026-06-30 13:22:28.372 10 91647937
2,1 3,0 0,2 3,1 1,0 3,2 1,3 2,0 0,3 1,2 
2026-06-30 13:22:28.724 10 92237489
0,3 2,1 1,3 2,0 1,2 3,0 1,0 3,2 0,2 3,1 
2026-06-30 13:22:28.896 10 92527858
0,3 2,1 2,0 3,1 1,0 3,2 0,2 1,3 1,2 3,0 
2026-06-30 13:22:28.924 10 92574073
2,1 3,0 2,0 3,1 1,0 3,2 0,2 1,3 0,3 1,2 
2026-06-30 13:22:28.938 10 92598025
1,2 3,0 0,2 3,1 1,0 3,2 1,3 2,0 0,3 2,1 
2026-06-30 13:22:28.950 10 92617544
0,3 2,1 2,0 3,1 1,2 3,0 0,2 1,3 1,0 3,2 
2026-06-30 13:22:29.122 10 92906651
0,3 1,2 2,0 3,1 2,1 3,0 1,0 3,2 0,2 1,3 
2026-06-30 13:22:29.253 10 93126789
0,3 2,1 2,0 3,1 1,2 3,0 1,0 3,2 0,2 1,3 
2026-06-30 13:22:29.378 10 93336678
2,1 3,0 0,2 3,1 1,0 3,2 0,3 1,2 1,3 2,0 
2026-06-30 13:22:29.669 10 93828137
2,1 3,0 1,3 2,0 0,3 1,2 1,0 3,2 0,2 3,1 
2026-06-30 13:22:29.738 10 93944444
0,2 3,1 1,2 3,0 1,0 3,2 0,3 2,1 1,3 2,0 
2026-06-30 13:22:29.832 10 94102750
0,2 1,3 1,2 3,0 1,0 3,2 0,3 2,1 2,0 3,1 
2026-06-30 13:22:30.032 10 94437722
1,3 2,0 0,3 1,2 0,2 3,1 1,0 3,2 2,1 3,0 
2026-06-30 13:22:30.081 10 94520658
1,2 3,0 0,2 1,3 1,0 3,2 2,0 3,1 0,3 2,1 
2026-06-30 13:22:30.398 10 95053567
0,3 1,2 2,0 3,1 1,0 3,2 2,1 3,0 0,2 1,3 
2026-06-30 13:22:30.526 10 95267955
0,3 2,1 2,0 3,1 1,0 3,2 0,2 1,3 1,2 3,0 
2026-06-30 13:22:30.729 10 95609670
0,3 1,2 2,0 3,1 1,0 3,2 2,1 3,0 0,2 1,3 
2026-06-30 13:22:30.735 10 95620077
1,2 3,0 0,2 1,3 0,3 2,1 2,0 3,1 1,0 3,2 
2026-06-30 13:22:30.756 10 95654911
2,1 3,0 0,2 3,1 1,0 3,2 0,3 1,2 1,3 2,0 
2026-06-30 13:22:30.875 10 95853247
0,2 1,3 1,2 3,0 1,0 3,2 0,3 2,1 2,0 3,1 
2026-06-30 13:22:30.902 10 95898857
0,2 3,1 1,0 3,2 0,3 1,2 1,3 2,0 2,1 3,0 
2026-06-30 13:22:30.941 10 95964216
1,3 2,0 0,3 1,2 1,0 3,2 0,2 3,1 2,1 3,0 
2026-06-30 13:22:31.154 10 96322059
2,0 3,1 1,2 3,0 0,2 1,3 1,0 3,2 0,3 2,1 
2026-06-30 13:22:31.402 10 96740739
0,3 2,1 1,3 2,0 1,0 3,2 0,2 3,1 1,2 3,0 
2026-06-30 13:22:31.542 10 96974958
0,3 1,2 0,2 1,3 1,0 3,2 2,0 3,1 2,1 3,0 
2026-06-30 13:22:32.130 10 97963148
0,2 3,1 1,0 3,2 0,3 1,2 1,3 2,0 2,1 3,0 
2026-06-30 13:22:32.200 10 98080892
2,1 3,0 0,2 1,3 1,0 3,2 2,0 3,1 0,3 1,2 
2026-06-30 13:22:32.239 10 98147459
0,3 1,2 2,0 3,1 1,0 3,2 2,1 3,0 0,2 1,3 
2026-06-30 13:22:32.255 10 98173960
1,2 3,0 1,0 3,2 2,0 3,1 0,3 2,1 0,2 1,3 
2026-06-30 13:22:32.325 10 98292282
1,3 2,0 0,3 1,2 1,0 3,2 2,1 3,0 0,2 3,1 
2026-06-30 13:22:32.391 10 98403146
1,2 3,0 1,3 2,0 0,3 2,1 0,2 3,1 1,0 3,2 
2026-06-30 13:22:32.439 10 98483045
2,0 3,1 1,2 3,0 0,2 1,3 1,0 3,2 0,3 2,1 
2026-06-30 13:22:32.532 10 98638567
2,0 3,1 0,3 2,1 0,2 1,3 1,0 3,2 1,2 3,0 
2026-06-30 13:22:32.542 10 98654394
0,3 2,1 2,0 3,1 1,0 3,2 0,2 1,3 1,2 3,0 
2026-06-30 13:22:32.610 10 98769246
0,3 2,1 1,3 2,0 1,0 3,2 0,2 3,1 1,2 3,0 
2026-06-30 13:22:32.949 10 99337836
1,2 3,0 1,3 2,0 1,0 3,2 0,3 2,1 0,2 3,1 
2026-06-30 13:22:33.117 10 99617823
1,3 2,0 0,3 1,2 0,2 3,1 2,1 3,0 1,0 3,2 
2026-06-30 13:22:33.227 10 99801731
1,3 2,0 0,3 2,1 0,2 3,1 1,0 3,2 1,2 3,0 
2026-06-30 13:22:33.279 10 99887573
0,2 3,1 2,1 3,0 1,0 3,2 1,3 2,0 0,3 1,2 
2026-06-30 13:22:33.293 10 99911917
0,3 2,1 0,2 1,3 1,2 3,0 2,0 3,1 1,0 3,2 
2026-06-30 13:22:33.306 10 99934442
1,2 3,0 0,2 1,3 0,3 2,1 1,0 3,2 2,0 3,1 
2026-06-30 13:22:33.325 10 99965904
1,2 3,0 1,3 2,0 1,0 3,2 0,2 3,1 0,3 2,1 
2026-06-30 13:22:33.335 10 99982900
2,0 3,1 1,2 3,0 1,0 3,2 0,2 1,3 0,3 2,1 
2026-06-30 13:22:33.409 10 100107708
0,3 2,1 1,0 3,2 1,3 2,0 1,2 3,0 0,2 3,1 
2026-06-30 13:22:33.422 10 100128913
2,0 3,1 0,3 1,2 0,2 1,3 1,0 3,2 2,1 3,0 
2026-06-30 13:22:33.429 10 100139814
1,3 2,0 0,3 2,1 1,0 3,2 0,2 3,1 1,2 3,0 
2026-06-30 13:22:33.517 10 100288076
0,2 3,1 1,2 3,0 1,3 2,0 1,0 3,2 0,3 2,1 
2026-06-30 13:22:33.542 10 100330872
1,2 3,0 2,0 3,1 1,0 3,2 0,3 2,1 0,2 1,3 
2026-06-30 13:22:33.608 10 100441762
0,3 1,2 2,0 3,1 1,0 3,2 0,2 1,3 2,1 3,0 
2026-06-30 13:22:33.617 10 100455405
0,3 2,1 1,0 3,2 0,2 3,1 1,2 3,0 1,3 2,0 
2026-06-30 13:22:33.618 10 100456584
1,2 3,0 1,0 3,2 1,3 2,0 0,3 2,1 0,2 3,1 
2026-06-30 13:22:33.661 10 100529171
0,2 1,3 2,1 3,0 1,0 3,2 2,0 3,1 0,3 1,2 
2026-06-30 13:22:33.687 10 100572903
1,3 2,0 1,2 3,0 1,0 3,2 0,3 2,1 0,2 3,1 
2026-06-30 13:22:33.690 10 100577720
1,3 2,0 0,3 1,2 0,2 3,1 2,1 3,0 1,0 3,2 
2026-06-30 13:22:33.866 10 100875912
1,2 3,0 2,0 3,1 1,0 3,2 0,2 1,3 0,3 2,1 
2026-06-30 13:22:34.064 10 101207664
0,3 2,1 1,0 3,2 2,0 3,1 1,2 3,0 0,2 1,3 
2026-06-30 13:22:34.112 10 101288847
1,2 3,0 1,3 2,0 1,0 3,2 0,2 3,1 0,3 2,1 
2026-06-30 13:22:34.156 10 101363327
1,3 2,0 1,2 3,0 1,0 3,2 0,2 3,1 0,3 2,1 
2026-06-30 13:22:34.177 10 101399593
2,0 3,1 2,1 3,0 0,2 1,3 1,0 3,2 0,3 1,2 
2026-06-30 13:22:34.228 10 101484254
2,0 3,1 1,0 3,2 0,3 2,1 0,2 1,3 1,2 3,0 
2026-06-30 13:22:34.321 10 101640973
0,3 1,2 0,2 3,1 2,1 3,0 1,3 2,0 1,0 3,2 
2026-06-30 13:22:34.690 10 102265221
0,2 3,1 0,3 2,1 1,3 2,0 1,0 3,2 1,2 3,0 
2026-06-30 13:22:34.872 10 102572881
1,2 3,0 1,3 2,0 0,3 2,1 0,2 3,1 1,0 3,2 
2026-06-30 13:22:34.902 10 102623308
0,3 2,1 1,0 3,2 0,2 1,3 1,2 3,0 2,0 3,1 
2026-06-30 13:22:34.934 10 102677737
1,2 3,0 2,0 3,1 0,3 2,1 1,0 3,2 0,2 1,3 
2026-06-30 13:22:35.055 10 102881655
0,3 2,1 2,0 3,1 1,0 3,2 0,2 1,3 1,2 3,0 
2026-06-30 13:22:35.195 10 103117316
0,2 3,1 2,1 3,0 1,0 3,2 1,3 2,0 0,3 1,2 
2026-06-30 13:22:35.296 10 103286558
1,2 3,0 0,2 1,3 0,3 2,1 2,0 3,1 1,0 3,2 
2026-06-30 13:22:35.361 10 103395150
0,2 3,1 1,2 3,0 1,0 3,2 1,3 2,0 0,3 2,1 
2026-06-30 13:22:35.505 10 103636600
2,1 3,0 0,2 1,3 1,0 3,2 2,0 3,1 0,3 1,2 
2026-06-30 13:22:35.552 10 103715839
2,0 3,1 1,2 3,0 0,2 1,3 0,3 2,1 1,0 3,2 
2026-06-30 13:22:35.610 10 103813442
0,2 3,1 0,3 1,2 1,0 3,2 1,3 2,0 2,1 3,0 
2026-06-30 13:22:35.626 10 103839696
0,2 3,1 2,1 3,0 1,3 2,0 1,0 3,2 0,3 1,2 
2026-06-30 13:22:35.761 10 104066095
1,2 3,0 0,2 3,1 0,3 2,1 1,0 3,2 1,3 2,0 
2026-06-30 13:22:35.784 10 104105431
1,2 3,0 2,0 3,1 1,0 3,2 0,3 2,1 0,2 1,3 
2026-06-30 13:22:35.820 10 104164838
0,2 1,3 1,0 3,2 1,2 3,0 2,0 3,1 0,3 2,1 
2026-06-30 13:22:36.110 10 104652574
1,3 2,0 1,0 3,2 2,1 3,0 0,2 3,1 0,3 1,2 
2026-06-30 13:22:36.218 10 104833723
1,3 2,0 1,0 3,2 2,1 3,0 0,2 3,1 0,3 1,2 
2026-06-30 13:22:36.236 10 104863827
0,3 1,2 1,0 3,2 2,0 3,1 2,1 3,0 0,2 1,3 
2026-06-30 13:22:36.444 10 105215070
0,3 2,1 0,2 1,3 1,2 3,0 2,0 3,1 1,0 3,2 
2026-06-30 13:22:36.583 10 105448674
0,3 1,2 1,3 2,0 2,1 3,0 1,0 3,2 0,2 3,1 
2026-06-30 13:22:36.602 10 105479259
1,2 3,0 1,3 2,0 1,0 3,2 0,3 2,1 0,2 3,1 
2026-06-30 13:22:36.692 10 105631603
0,3 1,2 0,2 1,3 2,1 3,0 2,0 3,1 1,0 3,2 
2026-06-30 13:22:36.764 10 105752470
0,2 3,1 2,1 3,0 1,3 2,0 0,3 1,2 1,0 3,2 
2026-06-30 13:22:36.816 10 105839753
0,3 2,1 0,2 3,1 1,2 3,0 1,3 2,0 1,0 3,2 
2026-06-30 13:22:36.858 10 105909576
2,0 3,1 2,1 3,0 1,0 3,2 0,3 1,2 0,2 1,3 
2026-06-30 13:22:36.932 10 106034033
1,2 3,0 0,2 3,1 0,3 2,1 1,3 2,0 1,0 3,2 
2026-06-30 13:22:36.945 10 106055711
0,3 2,1 0,2 1,3 1,0 3,2 2,0 3,1 1,2 3,0 
2026-06-30 13:22:36.994 10 106138433
2,0 3,1 1,0 3,2 0,3 1,2 0,2 1,3 2,1 3,0 
2026-06-30 13:22:37.173 10 106439322
0,3 2,1 1,3 2,0 1,2 3,0 0,2 3,1 1,0 3,2 
2026-06-30 13:22:37.209 10 106500818
0,2 3,1 0,3 1,2 1,3 2,0 1,0 3,2 2,1 3,0 
2026-06-30 13:22:37.321 10 106688687
0,3 2,1 2,0 3,1 1,0 3,2 1,2 3,0 0,2 1,3 
2026-06-30 13:22:37.578 10 107119635
0,2 1,3 2,1 3,0 2,0 3,1 1,0 3,2 0,3 1,2 
2026-06-30 13:22:37.809 10 107509232
0,2 1,3 0,3 2,1 1,0 3,2 1,2 3,0 2,0 3,1 
2026-06-30 13:22:37.909 10 107677983
1,3 2,0 1,0 3,2 1,2 3,0 0,2 3,1 0,3 2,1 
2026-06-30 13:22:38.014 10 107853152
1,2 3,0 0,2 3,1 1,0 3,2 0,3 2,1 1,3 2,0 
2026-06-30 13:22:38.029 10 107878056
1,3 2,0 0,3 2,1 1,0 3,2 0,2 3,1 1,2 3,0 
2026-06-30 13:22:38.079 10 107962246
0,2 3,1 1,2 3,0 1,0 3,2 1,3 2,0 0,3 2,1 
2026-06-30 13:22:38.193 10 108153210
0,2 1,3 1,0 3,2 0,3 2,1 2,0 3,1 1,2 3,0 
2026-06-30 13:22:38.374 10 108457700
1,2 3,0 0,2 1,3 1,0 3,2 2,0 3,1 0,3 2,1 
2026-06-30 13:22:38.401 10 108502358
2,1 3,0 0,2 3,1 1,0 3,2 0,3 1,2 1,3 2,0 
2026-06-30 13:22:38.486 10 108643815
0,2 1,3 1,2 3,0 1,0 3,2 0,3 2,1 2,0 3,1 
2026-06-30 13:22:38.711 10 109021504
1,3 2,0 0,3 2,1 0,2 3,1 1,0 3,2 1,2 3,0 
2026-06-30 13:22:39.356 10 110102217
1,3 2,0 1,2 3,0 0,2 3,1 1,0 3,2 0,3 2,1 
2026-06-30 13:22:39.425 10 110216981
2,1 3,0 2,0 3,1 0,3 1,2 0,2 1,3 1,0 3,2 
2026-06-30 13:22:39.599 10 110509413
2,1 3,0 1,0 3,2 1,3 2,0 0,3 1,2 0,2 3,1 
2026-06-30 13:22:39.663 10 110616343
0,3 2,1 1,3 2,0 1,0 3,2 0,2 3,1 1,2 3,0 
2026-06-30 13:22:39.675 10 110637559
0,3 2,1 1,3 2,0 1,2 3,0 1,0 3,2 0,2 3,1 
2026-06-30 13:22:39.748 10 110758232
0,2 3,1 1,0 3,2 2,1 3,0 1,3 2,0 0,3 1,2 
2026-06-30 13:22:39.821 10 110881183
1,2 3,0 1,3 2,0 1,0 3,2 0,2 3,1 0,3 2,1 
2026-06-30 13:22:40.210 10 111530541
0,2 1,3 0,3 1,2 2,0 3,1 1,0 3,2 2,1 3,0 
2026-06-30 13:22:40.217 10 111542948
1,3 2,0 1,2 3,0 0,2 3,1 1,0 3,2 0,3 2,1 
2026-06-30 13:22:40.405 10 111858094
1,2 3,0 2,0 3,1 0,3 2,1 0,2 1,3 1,0 3,2 
2026-06-30 13:22:40.584 10 112158844
2,0 3,1 2,1 3,0 1,0 3,2 0,3 1,2 0,2 1,3 
2026-06-30 13:22:40.591 10 112169633
0,2 1,3 2,1 3,0 1,0 3,2 2,0 3,1 0,3 1,2 
2026-06-30 13:22:40.759 10 112451401
2,1 3,0 0,2 1,3 1,0 3,2 0,3 1,2 2,0 3,1 
2026-06-30 13:22:40.879 10 112650951
1,3 2,0 0,3 1,2 0,2 3,1 1,0 3,2 2,1 3,0 
2026-06-30 13:22:41.006 10 112862923
0,3 1,2 0,2 1,3 1,0 3,2 2,1 3,0 2,0 3,1 
2026-06-30 13:22:41.038 10 112914972
2,0 3,1 1,0 3,2 0,3 2,1 0,2 1,3 1,2 3,0 
2026-06-30 13:22:41.143 10 113090120
1,2 3,0 1,3 2,0 1,0 3,2 0,2 3,1 0,3 2,1 
2026-06-30 13:22:41.341 10 113420468
0,2 3,1 1,2 3,0 1,0 3,2 1,3 2,0 0,3 2,1 
2026-06-30 13:22:41.550 10 113769040
2,1 3,0 0,2 1,3 1,0 3,2 0,3 1,2 2,0 3,1 
2026-06-30 13:22:41.826 10 114229849
0,3 1,2 2,0 3,1 1,0 3,2 2,1 3,0 0,2 1,3 
2026-06-30 13:22:41.845 10 114261191
1,3 2,0 0,3 1,2 0,2 3,1 1,0 3,2 2,1 3,0 
2026-06-30 13:22:41.901 10 114354926
0,2 1,3 1,0 3,2 1,2 3,0 2,0 3,1 0,3 2,1 
2026-06-30 13:22:41.903 10 114358237
0,2 3,1 1,0 3,2 0,3 1,2 1,3 2,0 2,1 3,0 
2026-06-30 13:22:42.054 10 114611550
0,3 1,2 0,2 1,3 1,0 3,2 2,0 3,1 2,1 3,0 
2026-06-30 13:22:42.083 10 114660755
0,3 1,2 0,2 1,3 2,1 3,0 1,0 3,2 2,0 3,1 
2026-06-30 13:22:42.245 10 114930423
1,3 2,0 1,0 3,2 0,3 2,1 0,2 3,1 1,2 3,0 
2026-06-30 13:22:42.291 10 115007777
0,3 2,1 2,0 3,1 1,0 3,2 1,2 3,0 0,2 1,3 
2026-06-30 13:22:42.646 10 115602220
1,2 3,0 0,2 1,3 0,3 2,1 1,0 3,2 2,0 3,1 
2026-06-30 13:22:43.113 10 116385145
1,3 2,0 0,3 2,1 0,2 3,1 1,2 3,0 1,0 3,2 
2026-06-30 13:22:43.688 10 117348469
1,3 2,0 1,0 3,2 2,1 3,0 0,2 3,1 0,3 1,2 
2026-06-30 13:22:43.806 10 117546965
0,2 3,1 2,1 3,0 1,3 2,0 0,3 1,2 1,0 3,2 
2026-06-30 13:22:43.888 10 117683281
0,3 2,1 1,3 2,0 1,2 3,0 1,0 3,2 0,2 3,1 
2026-06-30 13:22:43.959 10 117801849
2,0 3,1 0,3 1,2 0,2 1,3 1,0 3,2 2,1 3,0 
2026-06-30 13:22:43.977 10 117833353
1,2 3,0 1,0 3,2 2,0 3,1 0,3 2,1 0,2 1,3 
2026-06-30 13:22:44.005 10 117879594
0,3 2,1 0,2 1,3 1,0 3,2 1,2 3,0 2,0 3,1 
2026-06-30 13:22:44.008 10 117884266
1,3 2,0 1,2 3,0 0,2 3,1 0,3 2,1 1,0 3,2 
2026-06-30 13:22:44.107 10 118049048
0,2 3,1 0,3 2,1 1,3 2,0 1,2 3,0 1,0 3,2 
2026-06-30 13:22:44.130 10 118086981
0,2 3,1 1,2 3,0 1,0 3,2 0,3 2,1 1,3 2,0 
2026-06-30 13:22:44.385 10 118514725
0,3 1,2 1,3 2,0 1,0 3,2 0,2 3,1 2,1 3,0 
2026-06-30 13:22:44.551 10 118791276
1,3 2,0 0,3 1,2 0,2 3,1 2,1 3,0 1,0 3,2 
2026-06-30 13:22:44.598 10 118869344
0,3 1,2 2,0 3,1 1,0 3,2 0,2 1,3 2,1 3,0 
2026-06-30 13:22:44.624 10 118912345
0,3 1,2 1,3 2,0 2,1 3,0 0,2 3,1 1,0 3,2 
2026-06-30 13:22:44.710 10 119057188
2,0 3,1 1,2 3,0 1,0 3,2 0,2 1,3 0,3 2,1 
2026-06-30 13:22:44.852 10 119295729
2,1 3,0 0,2 1,3 1,0 3,2 0,3 1,2 2,0 3,1 
2026-06-30 13:22:44.955 10 119468514
0,3 2,1 2,0 3,1 1,0 3,2 1,2 3,0 0,2 1,3 
2026-06-30 13:22:45.115 10 119735982
0,3 2,1 1,0 3,2 0,2 1,3 1,2 3,0 2,0 3,1 
2026-06-30 13:22:45.527 10 120422861
1,2 3,0 0,2 3,1 0,3 2,1 1,0 3,2 1,3 2,0 
2026-06-30 13:22:45.542 10 120447618
2,1 3,0 1,0 3,2 2,0 3,1 0,3 1,2 0,2 1,3 
2026-06-30 13:22:45.567 10 120489112
0,3 2,1 2,0 3,1 1,2 3,0 1,0 3,2 0,2 1,3 
2026-06-30 13:22:45.900 10 121046605
0,2 1,3 1,0 3,2 1,2 3,0 2,0 3,1 0,3 2,1 
2026-06-30 13:22:46.006 10 121225747
0,2 3,1 2,1 3,0 1,0 3,2 1,3 2,0 0,3 1,2 
2026-06-30 13:22:46.134 10 121440047
0,3 2,1 0,2 1,3 1,2 3,0 2,0 3,1 1,0 3,2 
2026-06-30 13:22:46.167 10 121494820
1,3 2,0 1,0 3,2 0,3 2,1 0,2 3,1 1,2 3,0 
2026-06-30 13:22:46.199 10 121549178
2,0 3,1 2,1 3,0 1,0 3,2 0,2 1,3 0,3 1,2 
2026-06-30 13:22:46.226 10 121595085
1,3 2,0 0,3 2,1 1,0 3,2 0,2 3,1 1,2 3,0 
2026-06-30 13:22:46.543 10 122129891
1,2 3,0 0,2 3,1 1,0 3,2 0,3 2,1 1,3 2,0 
2026-06-30 13:22:46.590 10 122208706
1,3 2,0 2,1 3,0 0,2 3,1 1,0 3,2 0,3 1,2 
2026-06-30 13:22:46.804 10 122570421
2,0 3,1 0,3 2,1 1,0 3,2 0,2 1,3 1,2 3,0 
2026-06-30 13:22:46.912 10 122752404
1,3 2,0 0,3 2,1 1,0 3,2 0,2 3,1 1,2 3,0 
2026-06-30 13:22:46.924 10 122771750
1,3 2,0 1,2 3,0 0,2 3,1 1,0 3,2 0,3 2,1 
2026-06-30 13:22:47.060 10 123001175
0,2 1,3 0,3 1,2 2,0 3,1 2,1 3,0 1,0 3,2 
2026-06-30 13:22:47.238 10 123300302
0,2 3,1 1,0 3,2 2,1 3,0 1,3 2,0 0,3 1,2 
2026-06-30 13:22:47.351 10 123490549
1,2 3,0 0,2 1,3 1,0 3,2 2,0 3,1 0,3 2,1 
2026-06-30 13:22:47.396 10 123565750
2,0 3,1 2,1 3,0 0,2 1,3 1,0 3,2 0,3 1,2 
2026-06-30 13:22:47.489 10 123721760
0,2 1,3 2,1 3,0 2,0 3,1 0,3 1,2 1,0 3,2 
2026-06-30 13:22:47.501 10 123742093
0,3 2,1 1,0 3,2 1,3 2,0 1,2 3,0 0,2 3,1 
2026-06-30 13:22:48.331 10 125140277
1,3 2,0 0,3 1,2 0,2 3,1 2,1 3,0 1,0 3,2 
2026-06-30 13:22:48.556 10 125520429
2,0 3,1 0,3 2,1 0,2 1,3 1,0 3,2 1,2 3,0 
2026-06-30 13:22:48.587 10 125572668
0,3 1,2 1,3 2,0 2,1 3,0 1,0 3,2 0,2 3,1 
2026-06-30 13:22:48.615 10 125620508
0,2 1,3 1,0 3,2 1,2 3,0 2,0 3,1 0,3 2,1 
2026-06-30 13:22:48.625 10 125636523
1,2 3,0 1,3 2,0 1,0 3,2 0,3 2,1 0,2 3,1 
2026-06-30 13:22:48.646 10 125671674
1,3 2,0 2,1 3,0 1,0 3,2 0,3 1,2 0,2 3,1 
2026-06-30 13:22:48.675 10 125720486
0,2 3,1 0,3 2,1 1,3 2,0 1,0 3,2 1,2 3,0 
2026-06-30 13:22:48.883 10 126070909
0,2 1,3 0,3 1,2 1,0 3,2 2,1 3,0 2,0 3,1 
2026-06-30 13:22:48.887 10 126078095
1,2 3,0 1,0 3,2 0,2 1,3 0,3 2,1 2,0 3,1 
2026-06-30 13:22:48.909 10 126114844
0,2 1,3 1,2 3,0 2,0 3,1 0,3 2,1 1,0 3,2 
2026-06-30 13:22:49.044 10 126341314
2,1 3,0 1,3 2,0 0,3 1,2 0,2 3,1 1,0 3,2 
2026-06-30 13:22:49.297 10 126766522
1,3 2,0 0,3 1,2 1,0 3,2 0,2 3,1 2,1 3,0 
2026-06-30 13:22:49.497 10 127102257
0,2 1,3 0,3 2,1 2,0 3,1 1,0 3,2 1,2 3,0 
2026-06-30 13:22:49.792 10 127597349
0,3 1,2 0,2 1,3 2,1 3,0 2,0 3,1 1,0 3,2 
2026-06-30 13:22:49.857 10 127707293
2,0 3,1 2,1 3,0 0,2 1,3 0,3 1,2 1,0 3,2 
2026-06-30 13:22:49.861 10 127713900
0,2 1,3 0,3 2,1 1,0 3,2 1,2 3,0 2,0 3,1 
2026-06-30 13:22:49.918 10 127810425
1,2 3,0 1,0 3,2 0,2 3,1 0,3 2,1 1,3 2,0 
2026-06-30 13:22:50.160 10 128217034
2,0 3,1 2,1 3,0 0,2 1,3 1,0 3,2 0,3 1,2 
2026-06-30 13:22:50.213 10 128305337
0,2 1,3 1,0 3,2 0,3 1,2 2,0 3,1 2,1 3,0 
2026-06-30 13:22:50.374 10 128577263
0,3 1,2 0,2 3,1 1,0 3,2 2,1 3,0 1,3 2,0 
2026-06-30 13:22:50.405 10 128628575
2,0 3,1 0,3 1,2 1,0 3,2 2,1 3,0 0,2 1,3 
2026-06-30 13:22:50.408 10 128632926
0,2 3,1 0,3 1,2 1,0 3,2 2,1 3,0 1,3 2,0 
2026-06-30 13:22:50.449 10 128650664
1,3 2,0 0,3 1,2 1,0 3,2 2,1 3,0 0,2 3,1 
2026-06-30 13:22:50.541 10 128719271
2,0 3,1 0,3 2,1 1,0 3,2 1,2 3,0 0,2 1,3 
2026-06-30 13:22:50.591 10 128803150
2,0 3,1 1,0 3,2 1,2 3,0 0,2 1,3 0,3 2,1 
2026-06-30 13:22:51.219 10 129859850
0,3 1,2 0,2 1,3 1,0 3,2 2,0 3,1 2,1 3,0 
2026-06-30 13:22:51.705 10 130673750
0,3 1,2 1,0 3,2 1,3 2,0 2,1 3,0 0,2 3,1 
2026-06-30 13:22:51.856 10 130927768
2,0 3,1 0,3 1,2 0,2 1,3 2,1 3,0 1,0 3,2 
2026-06-30 13:22:52.080 10 131305471
1,2 3,0 0,2 3,1 0,3 2,1 1,3 2,0 1,0 3,2 
2026-06-30 13:22:52.272 10 131628350
0,3 2,1 1,3 2,0 1,0 3,2 0,2 3,1 1,2 3,0 
2026-06-30 13:22:52.351 10 131760696
0,2 1,3 1,2 3,0 1,0 3,2 2,0 3,1 0,3 2,1 
2026-06-30 13:22:52.376 10 131802816
2,1 3,0 1,0 3,2 0,2 3,1 0,3 1,2 1,3 2,0 
2026-06-30 13:22:52.541 10 132080269
2,0 3,1 1,2 3,0 1,0 3,2 0,3 2,1 0,2 1,3 
2026-06-30 13:22:52.982 10 132822223
0,3 2,1 0,2 3,1 1,2 3,0 1,0 3,2 1,3 2,0 
2026-06-30 13:22:53.018 10 132882234
0,3 1,2 0,2 1,3 2,1 3,0 2,0 3,1 1,0 3,2 
2026-06-30 13:22:53.085 10 132995482
1,2 3,0 0,2 3,1 1,0 3,2 0,3 2,1 1,3 2,0 
2026-06-30 13:22:53.203 10 133194557
0,2 3,1 0,3 1,2 1,3 2,0 2,1 3,0 1,0 3,2 
2026-06-30 13:22:53.318 10 133387851
0,2 3,1 0,3 2,1 1,0 3,2 1,2 3,0 1,3 2,0 
2026-06-30 13:22:53.333 10 133413800
0,3 1,2 0,2 3,1 1,0 3,2 2,1 3,0 1,3 2,0 
2026-06-30 13:22:53.340 10 133425286
0,3 2,1 0,2 1,3 1,0 3,2 1,2 3,0 2,0 3,1 
2026-06-30 13:22:53.346 10 133435184
0,3 2,1 1,0 3,2 1,3 2,0 1,2 3,0 0,2 3,1 
2026-06-30 13:22:53.370 10 133476877
0,3 2,1 1,3 2,0 1,0 3,2 1,2 3,0 0,2 3,1 
2026-06-30 13:22:53.396 10 133520238
0,2 1,3 0,3 2,1 2,0 3,1 1,0 3,2 1,2 3,0 
2026-06-30 13:22:53.480 10 133661121
1,2 3,0 2,0 3,1 1,0 3,2 0,2 1,3 0,3 2,1 
2026-06-30 13:22:53.630 10 133914073
2,0 3,1 1,0 3,2 1,2 3,0 0,2 1,3 0,3 2,1 
2026-06-30 13:22:53.746 10 134108919
2,1 3,0 2,0 3,1 0,3 1,2 0,2 1,3 1,0 3,2 
2026-06-30 13:22:53.819 10 134231258
1,3 2,0 2,1 3,0 0,2 3,1 0,3 1,2 1,0 3,2 
2026-06-30 13:22:53.856 10 134293968
0,2 3,1 0,3 2,1 1,3 2,0 1,0 3,2 1,2 3,0 
2026-06-30 13:22:53.874 10 134323849
2,0 3,1 1,2 3,0 1,0 3,2 0,2 1,3 0,3 2,1 
2026-06-30 13:22:54.196 10 134866970
0,2 1,3 1,0 3,2 0,3 1,2 2,0 3,1 2,1 3,0 
2026-06-30 13:22:54.634 10 135601193
0,2 3,1 0,3 2,1 1,0 3,2 1,3 2,0 1,2 3,0 
2026-06-30 13:22:54.674 10 135669339
2,1 3,0 0,2 3,1 0,3 1,2 1,0 3,2 1,3 2,0 
2026-06-30 13:22:55.151 10 136456597
0,3 1,2 0,2 1,3 1,0 3,2 2,1 3,0 2,0 3,1 
2026-06-30 13:22:55.168 10 136484250
2,1 3,0 2,0 3,1 0,3 1,2 1,0 3,2 0,2 1,3 
2026-06-30 13:22:55.582 10 137179373
2,0 3,1 0,3 1,2 1,0 3,2 0,2 1,3 2,1 3,0 
2026-06-30 13:22:55.635 10 137267141
0,3 2,1 1,3 2,0 1,2 3,0 1,0 3,2 0,2 3,1 
2026-06-30 13:22:55.741 10 137445819
0,2 3,1 2,1 3,0 1,0 3,2 0,3 1,2 1,3 2,0 
2026-06-30 13:22:56.024 10 137922544
2,0 3,1 0,3 2,1 1,0 3,2 1,2 3,0 0,2 1,3 
2026-06-30 13:22:56.031 10 137934623
2,0 3,1 2,1 3,0 1,0 3,2 0,2 1,3 0,3 1,2 
2026-06-30 13:22:56.088 10 138028465
0,3 2,1 2,0 3,1 1,0 3,2 1,2 3,0 0,2 1,3 
2026-06-30 13:22:56.091 10 138033960
1,3 2,0 1,0 3,2 0,3 1,2 0,2 3,1 2,1 3,0 
2026-06-30 13:22:56.109 10 138064694
0,2 1,3 1,2 3,0 1,0 3,2 2,0 3,1 0,3 2,1 
2026-06-30 13:22:56.242 10 138288688
1,3 2,0 1,0 3,2 1,2 3,0 0,2 3,1 0,3 2,1 
2026-06-30 13:22:56.412 10 138575517
2,0 3,1 1,2 3,0 1,0 3,2 0,2 1,3 0,3 2,1 
2026-06-30 13:22:56.822 10 139266194
0,3 1,2 0,2 1,3 2,1 3,0 1,0 3,2 2,0 3,1 
2026-06-30 13:22:56.838 10 139292245
1,3 2,0 0,3 1,2 0,2 3,1 1,0 3,2 2,1 3,0 
2026-06-30 13:22:56.882 10 139367713
0,3 1,2 0,2 3,1 1,0 3,2 1,3 2,0 2,1 3,0 
2026-06-30 13:22:56.891 10 139382724
1,2 3,0 0,2 1,3 1,0 3,2 2,0 3,1 0,3 2,1 
2026-06-30 13:22:57.053 10 139656895
1,2 3,0 2,0 3,1 0,3 2,1 1,0 3,2 0,2 1,3 
2026-06-30 13:22:57.105 10 139744158
2,1 3,0 0,2 1,3 0,3 1,2 2,0 3,1 1,0 3,2 
2026-06-30 13:22:57.151 10 139821930
1,2 3,0 2,0 3,1 1,0 3,2 0,2 1,3 0,3 2,1 
2026-06-30 13:22:57.218 10 139935344
0,3 1,2 2,0 3,1 2,1 3,0 1,0 3,2 0,2 1,3 
2026-06-30 13:22:57.311 10 140091427
0,3 2,1 2,0 3,1 1,2 3,0 1,0 3,2 0,2 1,3 
2026-06-30 13:22:57.340 10 140140477
2,1 3,0 1,0 3,2 0,2 1,3 0,3 1,2 2,0 3,1 
2026-06-30 13:22:57.385 10 140215907
1,3 2,0 0,3 2,1 0,2 3,1 1,0 3,2 1,2 3,0 
2026-06-30 13:22:57.419 10 140274062
0,3 2,1 1,0 3,2 0,2 3,1 1,2 3,0 1,3 2,0 
2026-06-30 13:22:57.507 10 140423367
1,3 2,0 2,1 3,0 1,0 3,2 0,3 1,2 0,2 3,1 
2026-06-30 13:22:57.523 10 140450603
0,2 3,1 0,3 1,2 1,3 2,0 2,1 3,0 1,0 3,2 
2026-06-30 13:22:57.699 10 140747252
1,3 2,0 0,3 2,1 0,2 3,1 1,2 3,0 1,0 3,2 
2026-06-30 13:22:57.875 10 141045927
1,3 2,0 1,2 3,0 0,2 3,1 0,3 2,1 1,0 3,2 
2026-06-30 13:22:58.021 10 141292177
0,3 1,2 0,2 1,3 1,0 3,2 2,0 3,1 2,1 3,0 
2026-06-30 13:22:58.046 10 141335427
0,3 2,1 1,3 2,0 1,2 3,0 0,2 3,1 1,0 3,2 
2026-06-30 13:22:58.152 10 141514476
0,2 3,1 1,2 3,0 1,0 3,2 1,3 2,0 0,3 2,1 
2026-06-30 13:22:58.221 10 141630303
1,3 2,0 1,0 3,2 1,2 3,0 0,2 3,1 0,3 2,1 
2026-06-30 13:22:58.228 10 141642031
1,3 2,0 0,3 1,2 0,2 3,1 2,1 3,0 1,0 3,2 
2026-06-30 13:22:58.237 10 141657556
0,3 2,1 0,2 3,1 1,2 3,0 1,0 3,2 1,3 2,0 
2026-06-30 13:22:58.239 10 141660306
0,3 1,2 0,2 1,3 2,1 3,0 1,0 3,2 2,0 3,1 
2026-06-30 13:22:58.247 10 141673165
1,3 2,0 1,0 3,2 0,3 1,2 0,2 3,1 2,1 3,0 
2026-06-30 13:22:58.834 10 142666787
0,3 1,2 2,0 3,1 2,1 3,0 0,2 1,3 1,0 3,2 
2026-06-30 13:22:59.020 10 142980450
0,3 1,2 0,2 1,3 1,0 3,2 2,1 3,0 2,0 3,1 
2026-06-30 13:22:59.121 10 143150564
1,2 3,0 1,0 3,2 0,2 3,1 0,3 2,1 1,3 2,0 
2026-06-30 13:22:59.285 10 143428859
2,1 3,0 0,2 1,3 0,3 1,2 2,0 3,1 1,0 3,2 
2026-06-30 13:22:59.594 10 143950963
1,3 2,0 1,2 3,0 1,0 3,2 0,3 2,1 0,2 3,1 
2026-06-30 13:22:59.639 10 144026930
0,3 1,2 2,0 3,1 1,0 3,2 2,1 3,0 0,2 1,3 
2026-06-30 13:22:59.746 10 144206888
1,2 3,0 1,0 3,2 1,3 2,0 0,3 2,1 0,2 3,1 
2026-06-30 13:22:59.914 10 144489562
2,1 3,0 1,3 2,0 1,0 3,2 0,3 1,2 0,2 3,1 
2026-06-30 13:22:59.971 10 144586155
0,2 3,1 2,1 3,0 1,3 2,0 1,0 3,2 0,3 1,2 
2026-06-30 13:23:00.010 10 144653325
1,2 3,0 1,0 3,2 0,2 3,1 0,3 2,1 1,3 2,0 
2026-06-30 13:23:00.087 10 144782325
0,3 2,1 1,0 3,2 0,2 3,1 1,2 3,0 1,3 2,0 
2026-06-30 13:23:00.207 10 144985463
0,3 2,1 0,2 1,3 1,0 3,2 2,0 3,1 1,2 3,0 
2026-06-30 13:23:00.219 10 145004651
0,3 1,2 1,3 2,0 1,0 3,2 0,2 3,1 2,1 3,0 
2026-06-30 13:23:00.400 10 145310534
0,2 3,1 1,0 3,2 0,3 1,2 1,3 2,0 2,1 3,0 
2026-06-30 13:23:00.442 10 145382837
0,2 1,3 1,2 3,0 1,0 3,2 0,3 2,1 2,0 3,1 
2026-06-30 13:23:00.446 10 145388603
2,1 3,0 0,2 3,1 0,3 1,2 1,0 3,2 1,3 2,0 
2026-06-30 13:23:00.541 10 145549142
0,2 3,1 0,3 2,1 1,0 3,2 1,2 3,0 1,3 2,0 
2026-06-30 13:23:00.673 10 145772367
1,3 2,0 1,0 3,2 1,2 3,0 0,2 3,1 0,3 2,1 
2026-06-30 13:23:00.945 10 146233245
0,3 2,1 2,0 3,1 1,0 3,2 0,2 1,3 1,2 3,0 
2026-06-30 13:23:01.352 10 146920413
0,2 3,1 1,0 3,2 0,3 2,1 1,3 2,0 1,2 3,0 
2026-06-30 13:23:01.414 10 147025030
0,3 1,2 1,0 3,2 0,2 3,1 2,1 3,0 1,3 2,0 
2026-06-30 13:23:01.513 10 147192616
2,0 3,1 1,2 3,0 1,0 3,2 0,2 1,3 0,3 2,1 
2026-06-30 13:23:01.687 10 147487814
2,1 3,0 0,2 1,3 0,3 1,2 1,0 3,2 2,0 3,1 
2026-06-30 13:23:01.710 10 147525332
0,2 3,1 1,2 3,0 1,3 2,0 1,0 3,2 0,3 2,1 
2026-06-30 13:23:01.738 10 147573451
0,2 1,3 2,1 3,0 1,0 3,2 0,3 1,2 2,0 3,1 
2026-06-30 13:23:01.784 10 147651654
2,0 3,1 0,3 2,1 1,0 3,2 1,2 3,0 0,2 1,3 
2026-06-30 13:23:01.806 10 147689359
0,2 3,1 2,1 3,0 1,3 2,0 1,0 3,2 0,3 1,2 
2026-06-30 13:23:01.957 10 147944097
0,3 1,2 0,2 1,3 2,1 3,0 2,0 3,1 1,0 3,2 
2026-06-30 13:23:02.249 10 148439927
0,3 1,2 0,2 3,1 1,0 3,2 2,1 3,0 1,3 2,0 
2026-06-30 13:23:02.302 10 148530107
1,2 3,0 0,2 1,3 0,3 2,1 2,0 3,1 1,0 3,2 
2026-06-30 13:23:02.330 10 148576983
0,3 1,2 1,3 2,0 2,1 3,0 1,0 3,2 0,2 3,1 
2026-06-30 13:23:02.504 10 148870673
1,3 2,0 1,0 3,2 1,2 3,0 0,2 3,1 0,3 2,1 
2026-06-30 13:23:02.828 10 149419230
0,3 2,1 1,3 2,0 1,2 3,0 1,0 3,2 0,2 3,1 
2026-06-30 13:23:02.994 10 149702479
1,3 2,0 2,1 3,0 1,0 3,2 0,2 3,1 0,3 1,2 
2026-06-30 13:23:03.192 10 150039292
2,0 3,1 1,0 3,2 2,1 3,0 0,2 1,3 0,3 1,2 
2026-06-30 13:23:03.219 10 150084414
1,2 3,0 2,0 3,1 1,0 3,2 0,3 2,1 0,2 1,3 
2026-06-30 13:23:03.269 10 150169685
0,2 1,3 0,3 2,1 1,0 3,2 1,2 3,0 2,0 3,1 
2026-06-30 13:23:03.296 10 150214977
1,3 2,0 0,3 2,1 1,0 3,2 0,2 3,1 1,2 3,0 
2026-06-30 13:23:03.337 10 150284225
1,2 3,0 1,0 3,2 2,0 3,1 0,3 2,1 0,2 1,3 
2026-06-30 13:23:03.365 10 150332102
2,0 3,1 0,3 2,1 0,2 1,3 1,2 3,0 1,0 3,2 
2026-06-30 13:23:03.508 10 150573205
0,3 1,2 0,2 1,3 1,0 3,2 2,0 3,1 2,1 3,0 
