2026-06-30 13:21:33.283
2026-06-30 13:21:33.491 10 345264
2,1 3,0 0,2 3,1 0,3 1,2 1,0 3,2 1,3 2,0 
2026-06-30 13:21:33.623 10 565070
0,2 3,1 0,3 2,1 1,0 3,2 1,3 2,0 1,2 3,0 
2026-06-30 13:21:33.659 10 625025
0,2 3,1 2,1 3,0 1,0 3,2 0,3 1,2 1,3 2,0 
2026-06-30 13:21:33.670 10 643344
1,2 3,0 2,0 3,1 0,3 2,1 1,0 3,2 0,2 1,3 
2026-06-30 13:21:33.750 10 777921
1,3 2,0 2,1 3,0 1,0 3,2 0,2 3,1 0,3 1,2 
2026-06-30 13:21:34.256 10 1622363
1,3 2,0 2,1 3,0 1,0 3,2 0,3 1,2 0,2 3,1 
2026-06-30 13:21:34.276 10 1655926
0,3 2,1 0,2 3,1 1,0 3,2 1,3 2,0 1,2 3,0 
2026-06-30 13:21:35.011 10 2881679
2,0 3,1 1,0 3,2 0,3 2,1 0,2 1,3 1,2 3,0 
2026-06-30 13:21:35.136 10 3089326
0,2 3,1 2,1 3,0 1,3 2,0 0,3 1,2 1,0 3,2 
2026-06-30 13:21:35.271 10 3315011
0,3 1,2 0,2 1,3 2,1 3,0 2,0 3,1 1,0 3,2 
2026-06-30 13:21:35.302 10 3365967
0,2 1,3 1,0 3,2 0,3 1,2 2,0 3,1 2,1 3,0 
2026-06-30 13:21:35.422 10 3564835
2,1 3,0 1,3 2,0 0,3 1,2 1,0 3,2 0,2 3,1 
2026-06-30 13:21:36.054 10 4612385
2,1 3,0 2,0 3,1 1,0 3,2 0,2 1,3 0,3 1,2 
2026-06-30 13:21:36.071 10 4640590
2,1 3,0 0,2 1,3 1,0 3,2 0,3 1,2 2,0 3,1 
2026-06-30 13:21:36.198 10 4849483
2,0 3,1 0,3 2,1 1,0 3,2 1,2 3,0 0,2 1,3 
2026-06-30 13:21:36.501 10 5351365
1,3 2,0 0,3 2,1 0,2 3,1 1,0 3,2 1,2 3,0 
2026-06-30 13:21:36.576 10 5475281
1,2 3,0 0,2 1,3 1,0 3,2 0,3 2,1 2,0 3,1 
2026-06-30 13:21:37.163 10 6446694
0,2 3,1 1,2 3,0 1,0 3,2 0,3 2,1 1,3 2,0 
2026-06-30 13:21:37.170 10 6459464
2,1 3,0 1,0 3,2 1,3 2,0 0,3 1,2 0,2 3,1 
2026-06-30 13:21:37.243 10 6579103
2,0 3,1 1,2 3,0 0,2 1,3 0,3 2,1 1,0 3,2 
2026-06-30 13:21:37.321 10 6708263
2,0 3,1 0,3 1,2 0,2 1,3 1,0 3,2 2,1 3,0 
2026-06-30 13:21:37.440 10 6905658
1,3 2,0 2,1 3,0 0,2 3,1 1,0 3,2 0,3 1,2 
2026-06-30 13:21:37.491 10 6990076
0,3 1,2 2,0 3,1 1,0 3,2 2,1 3,0 0,2 1,3 
2026-06-30 13:21:37.516 10 7030981
1,3 2,0 0,3 2,1 0,2 3,1 1,2 3,0 1,0 3,2 
2026-06-30 13:21:37.699 10 7333123
0,3 1,2 1,3 2,0 2,1 3,0 1,0 3,2 0,2 3,1 
2026-06-30 13:21:37.780 10 7466621
2,1 3,0 1,3 2,0 0,3 1,2 1,0 3,2 0,2 3,1 
2026-06-30 13:21:38.071 10 7947665
1,2 3,0 0,2 3,1 1,0 3,2 0,3 2,1 1,3 2,0 
2026-06-30 13:21:38.162 10 8097337
0,2 3,1 2,1 3,0 1,3 2,0 1,0 3,2 0,3 1,2 
2026-06-30 13:21:38.423 10 8528921
2,1 3,0 0,2 1,3 0,3 1,2 2,0 3,1 1,0 3,2 
2026-06-30 13:21:38.711 10 9005489
0,3 1,2 1,3 2,0 2,1 3,0 0,2 3,1 1,0 3,2 
2026-06-30 13:21:38.863 10 9257139
2,0 3,1 2,1 3,0 1,0 3,2 0,2 1,3 0,3 1,2 
2026-06-30 13:21:38.889 10 9300327
1,2 3,0 0,2 3,1 0,3 2,1 1,0 3,2 1,3 2,0 
2026-06-30 13:21:38.904 10 9325121
2,1 3,0 1,0 3,2 0,2 1,3 0,3 1,2 2,0 3,1 
2026-06-30 13:21:38.968 10 9430270
0,3 2,1 1,0 3,2 2,0 3,1 1,2 3,0 0,2 1,3 
2026-06-30 13:21:39.007 10 9494326
0,2 3,1 0,3 1,2 1,0 3,2 1,3 2,0 2,1 3,0 
2026-06-30 13:21:39.081 10 9615848
2,0 3,1 1,0 3,2 1,2 3,0 0,2 1,3 0,3 2,1 
2026-06-30 13:21:39.227 10 9857797
2,1 3,0 1,3 2,0 1,0 3,2 0,3 1,2 0,2 3,1 
2026-06-30 13:21:39.330 10 10028269
0,2 3,1 0,3 1,2 1,3 2,0 1,0 3,2 2,1 3,0 
2026-06-30 13:21:39.517 10 10337337
0,2 3,1 0,3 2,1 1,3 2,0 1,2 3,0 1,0 3,2 
2026-06-30 13:21:39.789 10 10786502
0,3 2,1 1,0 3,2 1,3 2,0 1,2 3,0 0,2 3,1 
2026-06-30 13:21:39.825 10 10845961
0,3 1,2 0,2 1,3 1,0 3,2 2,1 3,0 2,0 3,1 
2026-06-30 13:21:39.914 10 10992577
1,2 3,0 1,0 3,2 0,2 3,1 0,3 2,1 1,3 2,0 
2026-06-30 13:21:39.953 10 11057908
0,3 2,1 1,0 3,2 2,0 3,1 1,2 3,0 0,2 1,3 
2026-06-30 13:21:40.090 10 11283793
0,3 1,2 1,0 3,2 0,2 1,3 2,1 3,0 2,0 3,1 
2026-06-30 13:21:40.110 10 11316459
0,3 1,2 1,0 3,2 0,2 3,1 2,1 3,0 1,3 2,0 
2026-06-30 13:21:40.123 10 11339630
1,2 3,0 1,3 2,0 0,3 2,1 1,0 3,2 0,2 3,1 
2026-06-30 13:21:40.139 10 11364749
2,0 3,1 2,1 3,0 1,0 3,2 0,3 1,2 0,2 1,3 
2026-06-30 13:21:40.228 10 11512328
0,2 1,3 1,2 3,0 2,0 3,1 1,0 3,2 0,3 2,1 
2026-06-30 13:21:40.545 10 12034983
1,3 2,0 0,3 2,1 1,0 3,2 0,2 3,1 1,2 3,0 
2026-06-30 13:21:40.902 10 12622105
0,2 1,3 0,3 2,1 2,0 3,1 1,0 3,2 1,2 3,0 
2026-06-30 13:21:41.122 10 12984719
0,2 3,1 1,0 3,2 0,3 2,1 1,3 2,0 1,2 3,0 
2026-06-30 13:21:41.188 10 13092733
0,3 1,2 2,0 3,1 1,0 3,2 0,2 1,3 2,1 3,0 
2026-06-30 13:21:41.229 10 13160272
0,2 1,3 1,2 3,0 1,0 3,2 0,3 2,1 2,0 3,1 
2026-06-30 13:21:41.291 10 13264662
0,3 1,2 1,3 2,0 1,0 3,2 2,1 3,0 0,2 3,1 
2026-06-30 13:21:41.442 10 13515142
2,1 3,0 1,0 3,2 2,0 3,1 0,3 1,2 0,2 1,3 
2026-06-30 13:21:41.459 10 13543995
0,2 1,3 1,0 3,2 0,3 1,2 2,0 3,1 2,1 3,0 
2026-06-30 13:21:41.535 10 13672045
0,3 1,2 1,3 2,0 1,0 3,2 2,1 3,0 0,2 3,1 
2026-06-30 13:21:41.673 10 13901774
2,0 3,1 1,2 3,0 1,0 3,2 0,3 2,1 0,2 1,3 
2026-06-30 13:21:41.952 10 14364138
1,3 2,0 0,3 1,2 0,2 3,1 2,1 3,0 1,0 3,2 
2026-06-30 13:21:42.314 10 14964159
0,2 1,3 1,0 3,2 2,1 3,0 2,0 3,1 0,3 1,2 
2026-06-30 13:21:42.388 10 15087129
1,2 3,0 1,3 2,0 1,0 3,2 0,2 3,1 0,3 2,1 
2026-06-30 13:21:42.544 10 15345702
2,0 3,1 2,1 3,0 0,2 1,3 1,0 3,2 0,3 1,2 
2026-06-30 13:21:42.800 10 15768254
0,3 1,2 1,0 3,2 2,0 3,1 2,1 3,0 0,2 1,3 
2026-06-30 13:21:43.119 10 16297723
0,3 2,1 0,2 1,3 1,0 3,2 2,0 3,1 1,2 3,0 
2026-06-30 13:21:43.215 10 16456505
1,2 3,0 1,0 3,2 1,3 2,0 0,3 2,1 0,2 3,1 
2026-06-30 13:21:43.454 10 16851208
0,2 1,3 0,3 1,2 2,0 3,1 1,0 3,2 2,1 3,0 
2026-06-30 13:21:43.572 10 17047180
0,2 3,1 1,0 3,2 0,3 1,2 1,3 2,0 2,1 3,0 
2026-06-30 13:21:43.714 10 17282262
2,1 3,0 0,2 1,3 0,3 1,2 1,0 3,2 2,0 3,1 
2026-06-30 13:21:44.003 10 17760102
2,0 3,1 1,0 3,2 2,1 3,0 0,2 1,3 0,3 1,2 
2026-06-30 13:21:44.544 10 18655138
1,2 3,0 0,2 1,3 1,0 3,2 0,3 2,1 2,0 3,1 
2026-06-30 13:21:44.608 10 18761085
0,2 3,1 1,2 3,0 1,3 2,0 1,0 3,2 0,3 2,1 
2026-06-30 13:21:44.718 10 18941614
0,3 1,2 1,3 2,0 2,1 3,0 1,0 3,2 0,2 3,1 
2026-06-30 13:21:44.763 10 19015984
2,1 3,0 0,2 1,3 0,3 1,2 2,0 3,1 1,0 3,2 
2026-06-30 13:21:44.923 10 19281036
1,2 3,0 1,3 2,0 0,3 2,1 0,2 3,1 1,0 3,2 
2026-06-30 13:21:45.263 10 19841579
1,2 3,0 0,2 3,1 1,0 3,2 1,3 2,0 0,3 2,1 
2026-06-30 13:21:45.469 10 20182350
0,2 1,3 1,0 3,2 0,3 1,2 2,0 3,1 2,1 3,0 
2026-06-30 13:21:45.530 10 20284794
0,3 1,2 0,2 3,1 1,0 3,2 2,1 3,0 1,3 2,0 
2026-06-30 13:21:45.748 10 20645014
1,2 3,0 1,3 2,0 1,0 3,2 0,3 2,1 0,2 3,1 
2026-06-30 13:21:46.128 10 21272241
0,2 3,1 1,2 3,0 1,0 3,2 0,3 2,1 1,3 2,0 
2026-06-30 13:21:46.129 10 21274630
0,2 3,1 1,2 3,0 1,0 3,2 0,3 2,1 1,3 2,0 
2026-06-30 13:21:46.357 10 21650704
0,3 1,2 2,0 3,1 1,0 3,2 0,2 1,3 2,1 3,0 
2026-06-30 13:21:46.362 10 21658094
2,0 3,1 1,0 3,2 0,3 2,1 0,2 1,3 1,2 3,0 
2026-06-30 13:21:46.430 10 21771846
0,3 2,1 1,0 3,2 2,0 3,1 1,2 3,0 0,2 1,3 
2026-06-30 13:21:46.481 10 21856416
2,0 3,1 2,1 3,0 1,0 3,2 0,2 1,3 0,3 1,2 
2026-06-30 13:21:46.837 10 22445083
0,2 3,1 1,0 3,2 0,3 1,2 1,3 2,0 2,1 3,0 
2026-06-30 13:21:46.974 10 22672323
0,2 3,1 0,3 1,2 1,3 2,0 2,1 3,0 1,0 3,2 
2026-06-30 13:21:47.131 10 22933523
0,2 1,3 1,2 3,0 2,0 3,1 1,0 3,2 0,3 2,1 
2026-06-30 13:21:47.433 10 23432618
0,3 1,2 2,0 3,1 2,1 3,0 0,2 1,3 1,0 3,2 
2026-06-30 13:21:47.525 10 23585170
0,3 2,1 1,3 2,0 1,0 3,2 0,2 3,1 1,2 3,0 
2026-06-30 13:21:47.947 10 24284975
2,1 3,0 1,0 3,2 0,2 1,3 0,3 1,2 2,0 3,1 
2026-06-30 13:21:48.658 10 25462181
2,0 3,1 1,2 3,0 0,2 1,3 0,3 2,1 1,0 3,2 
2026-06-30 13:21:48.825 10 25737474
1,2 3,0 0,2 3,1 0,3 2,1 1,0 3,2 1,3 2,0 
2026-06-30 13:21:49.035 10 26083157
0,3 1,2 2,0 3,1 2,1 3,0 0,2 1,3 1,0 3,2 
2026-06-30 13:21:49.320 10 26556101
1,3 2,0 2,1 3,0 0,2 3,1 1,0 3,2 0,3 1,2 
2026-06-30 13:21:49.658 10 27114186
0,3 2,1 0,2 3,1 1,0 3,2 1,2 3,0 1,3 2,0 
2026-06-30 13:21:49.682 10 27154995
1,2 3,0 1,3 2,0 1,0 3,2 0,3 2,1 0,2 3,1 
2026-06-30 13:21:49.824 10 27390296
2,1 3,0 1,0 3,2 1,3 2,0 0,3 1,2 0,2 3,1 
2026-06-30 13:21:49.840 10 27415850
0,2 3,1 2,1 3,0 1,0 3,2 1,3 2,0 0,3 1,2 
2026-06-30 13:21:49.869 10 27463253
1,3 2,0 0,3 2,1 0,2 3,1 1,0 3,2 1,2 3,0 
2026-06-30 13:21:49.882 10 27484813
0,3 2,1 1,0 3,2 1,3 2,0 1,2 3,0 0,2 3,1 
2026-06-30 13:21:49.921 10 27548841
0,3 1,2 1,3 2,0 2,1 3,0 1,0 3,2 0,2 3,1 
2026-06-30 13:21:49.935 10 27572579
0,3 1,2 0,2 1,3 1,0 3,2 2,1 3,0 2,0 3,1 
2026-06-30 13:21:50.063 10 27784613
0,2 1,3 1,0 3,2 1,2 3,0 2,0 3,1 0,3 2,1 
2026-06-30 13:21:50.068 10 27792598
1,3 2,0 1,2 3,0 0,2 3,1 0,3 2,1 1,0 3,2 
2026-06-30 13:21:50.195 10 28003281
0,2 3,1 0,3 2,1 1,3 2,0 1,0 3,2 1,2 3,0 
2026-06-30 13:21:50.331 10 28228890
0,3 1,2 1,0 3,2 1,3 2,0 2,1 3,0 0,2 3,1 
2026-06-30 13:21:50.357 10 28270974
0,2 1,3 0,3 2,1 1,0 3,2 1,2 3,0 2,0 3,1 
2026-06-30 13:21:50.424 10 28381137
0,2 1,3 0,3 2,1 2,0 3,1 1,0 3,2 1,2 3,0 
2026-06-30 13:21:50.451 10 28425376
0,2 3,1 1,2 3,0 1,3 2,0 1,0 3,2 0,3 2,1 
2026-06-30 13:21:50.462 10 28443195
0,2 3,1 1,2 3,0 1,0 3,2 0,3 2,1 1,3 2,0 
2026-06-30 13:21:50.587 10 28652352
0,2 3,1 1,2 3,0 1,0 3,2 1,3 2,0 0,3 2,1 
2026-06-30 13:21:51.338 10 29907534
1,2 3,0 0,2 3,1 0,3 2,1 1,3 2,0 1,0 3,2 
2026-06-30 13:21:51.352 10 29931887
1,3 2,0 1,2 3,0 0,2 3,1 1,0 3,2 0,3 2,1 
2026-06-30 13:21:51.632 10 30399521
2,0 3,1 0,3 1,2 1,0 3,2 0,2 1,3 2,1 3,0 
2026-06-30 13:21:51.936 10 30905653
1,3 2,0 0,3 2,1 1,0 3,2 0,2 3,1 1,2 3,0 
2026-06-30 13:21:51.955 10 30937472
2,0 3,1 0,3 2,1 0,2 1,3 1,0 3,2 1,2 3,0 
2026-06-30 13:21:52.117 10 31208735
0,2 1,3 1,2 3,0 2,0 3,1 1,0 3,2 0,3 2,1 
2026-06-30 13:21:52.266 10 31456539
0,2 1,3 1,2 3,0 2,0 3,1 1,0 3,2 0,3 2,1 
2026-06-30 13:21:52.282 10 31482792
2,1 3,0 2,0 3,1 0,3 1,2 1,0 3,2 0,2 1,3 
2026-06-30 13:21:52.465 10 31788492
0,2 1,3 0,3 1,2 2,0 3,1 1,0 3,2 2,1 3,0 
2026-06-30 13:21:52.611 10 32032505
0,2 1,3 0,3 2,1 2,0 3,1 1,0 3,2 1,2 3,0 
2026-06-30 13:21:52.632 10 32067346
0,2 1,3 0,3 2,1 2,0 3,1 1,2 3,0 1,0 3,2 
2026-06-30 13:21:52.763 10 32286697
2,1 3,0 1,0 3,2 2,0 3,1 0,3 1,2 0,2 1,3 
2026-06-30 13:21:52.954 10 32606377
0,2 3,1 1,2 3,0 1,0 3,2 0,3 2,1 1,3 2,0 
2026-06-30 13:21:53.182 10 32988849
0,3 2,1 1,3 2,0 1,2 3,0 0,2 3,1 1,0 3,2 
2026-06-30 13:21:53.270 10 33135580
0,2 1,3 1,2 3,0 2,0 3,1 1,0 3,2 0,3 2,1 
2026-06-30 13:21:53.721 10 33891015
0,2 3,1 0,3 2,1 1,3 2,0 1,0 3,2 1,2 3,0 
2026-06-30 13:21:53.883 10 34162425
0,3 1,2 1,0 3,2 2,0 3,1 2,1 3,0 0,2 1,3 
2026-06-30 13:21:53.972 10 34310556
1,2 3,0 0,2 1,3 1,0 3,2 2,0 3,1 0,3 2,1 
2026-06-30 13:21:54.008 10 34369691
1,2 3,0 0,2 3,1 1,0 3,2 1,3 2,0 0,3 2,1 
2026-06-30 13:21:54.065 10 34465224
2,1 3,0 1,3 2,0 1,0 3,2 0,2 3,1 0,3 1,2 
2026-06-30 13:21:54.159 10 34622454
1,2 3,0 1,3 2,0 0,3 2,1 1,0 3,2 0,2 3,1 
2026-06-30 13:21:54.354 10 34947111
0,3 1,2 0,2 1,3 1,0 3,2 2,0 3,1 2,1 3,0 
2026-06-30 13:21:54.525 10 35233297
0,2 3,1 1,0 3,2 1,2 3,0 1,3 2,0 0,3 2,1 
2026-06-30 13:21:54.816 10 35717097
0,2 3,1 1,0 3,2 0,3 1,2 1,3 2,0 2,1 3,0 
2026-06-30 13:21:54.970 10 35975897
1,2 3,0 0,2 1,3 0,3 2,1 2,0 3,1 1,0 3,2 
2026-06-30 13:21:55.051 10 36112043
1,2 3,0 1,3 2,0 1,0 3,2 0,2 3,1 0,3 2,1 
2026-06-30 13:21:55.089 10 36175103
2,1 3,0 0,2 3,1 0,3 1,2 1,3 2,0 1,0 3,2 
2026-06-30 13:21:55.213 10 36382438
1,2 3,0 2,0 3,1 0,3 2,1 0,2 1,3 1,0 3,2 
2026-06-30 13:21:55.229 10 36409917
1,3 2,0 2,1 3,0 0,2 3,1 0,3 1,2 1,0 3,2 
2026-06-30 13:21:55.431 10 36744377
1,2 3,0 1,3 2,0 1,0 3,2 0,2 3,1 0,3 2,1 
2026-06-30 13:21:55.555 10 36949062
0,3 2,1 0,2 3,1 1,2 3,0 1,0 3,2 1,3 2,0 
2026-06-30 13:21:55.674 10 37147322
0,2 1,3 2,1 3,0 1,0 3,2 2,0 3,1 0,3 1,2 
2026-06-30 13:21:55.714 10 37212666
0,3 2,1 0,2 1,3 1,0 3,2 1,2 3,0 2,0 3,1 
2026-06-30 13:21:55.773 10 37310723
1,2 3,0 0,2 1,3 1,0 3,2 0,3 2,1 2,0 3,1 
2026-06-30 13:21:55.781 10 37323684
0,3 2,1 1,0 3,2 2,0 3,1 1,2 3,0 0,2 1,3 
2026-06-30 13:21:55.820 10 37388748
0,3 1,2 1,0 3,2 0,2 3,1 2,1 3,0 1,3 2,0 
2026-06-30 13:21:55.842 10 37425785
0,2 3,1 0,3 1,2 1,3 2,0 1,0 3,2 2,1 3,0 
2026-06-30 13:21:55.890 10 37506366
1,3 2,0 0,3 1,2 0,2 3,1 2,1 3,0 1,0 3,2 
2026-06-30 13:21:55.985 10 37664759
0,3 2,1 0,2 1,3 1,0 3,2 1,2 3,0 2,0 3,1 
2026-06-30 13:21:56.186 10 38002120
2,0 3,1 0,3 2,1 1,0 3,2 0,2 1,3 1,2 3,0 
2026-06-30 13:21:56.405 10 38368717
0,3 1,2 0,2 3,1 1,0 3,2 1,3 2,0 2,1 3,0 
2026-06-30 13:21:56.420 10 38392614
1,3 2,0 2,1 3,0 0,2 3,1 0,3 1,2 1,0 3,2 
2026-06-30 13:21:56.422 10 38395957
0,2 1,3 2,1 3,0 1,0 3,2 0,3 1,2 2,0 3,1 
2026-06-30 13:21:56.485 10 38502699
1,2 3,0 0,2 1,3 1,0 3,2 0,3 2,1 2,0 3,1 
2026-06-30 13:21:56.542 10 38596225
2,1 3,0 2,0 3,1 0,3 1,2 1,0 3,2 0,2 1,3 
2026-06-30 13:21:56.593 10 38681597
1,2 3,0 0,2 1,3 1,0 3,2 0,3 2,1 2,0 3,1 
2026-06-30 13:21:56.613 10 38715778
2,0 3,1 0,3 2,1 0,2 1,3 1,0 3,2 1,2 3,0 
2026-06-30 13:21:56.670 10 38811265
1,2 3,0 1,3 2,0 0,3 2,1 0,2 3,1 1,0 3,2 
2026-06-30 13:21:56.771 10 38979419
2,1 3,0 1,3 2,0 1,0 3,2 0,3 1,2 0,2 3,1 
2026-06-30 13:21:57.012 10 39384044
0,3 1,2 2,0 3,1 1,0 3,2 0,2 1,3 2,1 3,0 
2026-06-30 13:21:57.161 10 39633747
0,2 1,3 1,2 3,0 1,0 3,2 0,3 2,1 2,0 3,1 
2026-06-30 13:21:57.239 10 39764289
0,2 3,1 0,3 2,1 1,0 3,2 1,3 2,0 1,2 3,0 
2026-06-30 13:21:57.328 10 39912774
2,0 3,1 2,1 3,0 1,0 3,2 0,3 1,2 0,2 1,3 
2026-06-30 13:21:57.413 10 40055085
2,1 3,0 1,0 3,2 0,2 3,1 0,3 1,2 1,3 2,0 
2026-06-30 13:21:57.592 10 40354855
2,0 3,1 0,3 1,2 0,2 1,3 1,0 3,2 2,1 3,0 
2026-06-30 13:21:57.757 10 40631213
0,2 1,3 2,1 3,0 2,0 3,1 1,0 3,2 0,3 1,2 
2026-06-30 13:21:57.787 10 40680788
0,2 3,1 2,1 3,0 1,3 2,0 1,0 3,2 0,3 1,2 
2026-06-30 13:21:57.788 10 40682980
0,2 1,3 1,2 3,0 1,0 3,2 2,0 3,1 0,3 2,1 
2026-06-30 13:21:57.869 10 40818264
0,2 1,3 1,2 3,0 1,0 3,2 0,3 2,1 2,0 3,1 
2026-06-30 13:21:57.900 10 40870151
0,2 1,3 2,1 3,0 2,0 3,1 1,0 3,2 0,3 1,2 
2026-06-30 13:21:57.960 10 40970010
2,0 3,1 0,3 2,1 1,0 3,2 1,2 3,0 0,2 1,3 
2026-06-30 13:21:58.043 10 41108996
2,1 3,0 1,0 3,2 1,3 2,0 0,3 1,2 0,2 3,1 
2026-06-30 13:21:58.300 10 41538710
1,3 2,0 0,3 2,1 0,2 3,1 1,2 3,0 1,0 3,2 
2026-06-30 13:21:58.339 10 41604095
0,3 2,1 0,2 1,3 1,2 3,0 1,0 3,2 2,0 3,1 
2026-06-30 13:21:58.438 10 41768972
1,2 3,0 1,0 3,2 0,2 3,1 0,3 2,1 1,3 2,0 
2026-06-30 13:21:58.695 10 42198861
1,3 2,0 1,0 3,2 2,1 3,0 0,2 3,1 0,3 1,2 
2026-06-30 13:21:58.711 10 42225576
0,2 3,1 0,3 2,1 1,0 3,2 1,2 3,0 1,3 2,0 
2026-06-30 13:21:58.800 10 42374966
0,2 3,1 0,3 2,1 1,3 2,0 1,0 3,2 1,2 3,0 
2026-06-30 13:21:59.136 10 42936042
1,3 2,0 1,0 3,2 1,2 3,0 0,2 3,1 0,3 2,1 
2026-06-30 13:21:59.144 10 42949979
2,1 3,0 1,0 3,2 2,0 3,1 0,3 1,2 0,2 1,3 
2026-06-30 13:21:59.190 10 43024877
0,2 1,3 1,0 3,2 2,1 3,0 2,0 3,1 0,3 1,2 
2026-06-30 13:21:59.224 10 43081342
0,2 3,1 1,0 3,2 0,3 1,2 1,3 2,0 2,1 3,0 
2026-06-30 13:21:59.231 10 43093721
2,1 3,0 1,3 2,0 1,0 3,2 0,3 1,2 0,2 3,1 
2026-06-30 13:21:59.244 10 43114049
0,2 3,1 1,2 3,0 1,3 2,0 1,0 3,2 0,3 2,1 
2026-06-30 13:21:59.267 10 43152329
0,3 2,1 2,0 3,1 1,2 3,0 0,2 1,3 1,0 3,2 
2026-06-30 13:21:59.330 10 43257442
1,3 2,0 1,0 3,2 1,2 3,0 0,2 3,1 0,3 2,1 
2026-06-30 13:21:59.353 10 43295510
0,2 1,3 1,2 3,0 1,0 3,2 2,0 3,1 0,3 2,1 
2026-06-30 13:21:59.523 10 43576797
0,2 3,1 0,3 2,1 1,3 2,0 1,0 3,2 1,2 3,0 
2026-06-30 13:21:59.796 10 44029432
1,3 2,0 2,1 3,0 0,2 3,1 1,0 3,2 0,3 1,2 
2026-06-30 13:21:59.803 10 44041033
1,3 2,0 0,3 2,1 0,2 3,1 1,2 3,0 1,0 3,2 
2026-06-30 13:21:59.859 10 44133820
0,3 2,1 0,2 1,3 1,2 3,0 1,0 3,2 2,0 3,1 
2026-06-30 13:21:59.912 10 44222197
0,3 1,2 1,3 2,0 1,0 3,2 0,2 3,1 2,1 3,0 
2026-06-30 13:21:59.947 10 44278851
2,0 3,1 0,3 2,1 0,2 1,3 1,0 3,2 1,2 3,0 
2026-06-30 13:21:59.954 10 44291560
1,3 2,0 2,1 3,0 0,2 3,1 0,3 1,2 1,0 3,2 
2026-06-30 13:22:00.458 10 45128056
0,2 1,3 1,0 3,2 0,3 1,2 2,0 3,1 2,1 3,0 
2026-06-30 13:22:00.527 10 45241953
0,3 2,1 1,0 3,2 1,3 2,0 1,2 3,0 0,2 3,1 
2026-06-30 13:22:00.601 10 45365608
0,3 1,2 0,2 1,3 2,1 3,0 2,0 3,1 1,0 3,2 
2026-06-30 13:22:01.063 10 46130605
0,3 2,1 1,3 2,0 1,2 3,0 0,2 3,1 1,0 3,2 
2026-06-30 13:22:01.117 10 46220634
1,3 2,0 1,2 3,0 1,0 3,2 0,3 2,1 0,2 3,1 
2026-06-30 13:22:01.170 10 46306866
2,0 3,1 0,3 2,1 1,0 3,2 1,2 3,0 0,2 1,3 
2026-06-30 13:22:01.255 10 46448205
1,2 3,0 2,0 3,1 1,0 3,2 0,2 1,3 0,3 2,1 
2026-06-30 13:22:01.323 10 46560488
2,0 3,1 1,2 3,0 0,2 1,3 1,0 3,2 0,3 2,1 
2026-06-30 13:22:01.324 10 46562551
0,3 2,1 1,0 3,2 1,3 2,0 1,2 3,0 0,2 3,1 
2026-06-30 13:22:01.497 10 46849060
0,3 1,2 1,0 3,2 0,2 3,1 2,1 3,0 1,3 2,0 
2026-06-30 13:22:01.596 10 47012153
0,2 1,3 0,3 1,2 1,0 3,2 2,0 3,1 2,1 3,0 
2026-06-30 13:22:01.725 10 47226538
2,1 3,0 2,0 3,1 0,3 1,2 1,0 3,2 0,2 1,3 
2026-06-30 13:22:01.794 10 47341066
2,0 3,1 2,1 3,0 1,0 3,2 0,2 1,3 0,3 1,2 
2026-06-30 13:22:01.922 10 47553200
0,3 2,1 0,2 3,1 1,2 3,0 1,0 3,2 1,3 2,0 
2026-06-30 13:22:01.959 10 47615525
0,2 3,1 2,1 3,0 1,3 2,0 1,0 3,2 0,3 1,2 
2026-06-30 13:22:02.010 10 47698917
1,3 2,0 1,0 3,2 0,3 2,1 0,2 3,1 1,2 3,0 
2026-06-30 13:22:02.038 10 47744674
1,3 2,0 0,3 1,2 0,2 3,1 1,0 3,2 2,1 3,0 
2026-06-30 13:22:02.077 10 47810475
0,2 1,3 0,3 1,2 2,0 3,1 2,1 3,0 1,0 3,2 
2026-06-30 13:22:02.151 10 47931635
0,2 3,1 0,3 1,2 1,3 2,0 1,0 3,2 2,1 3,0 
2026-06-30 13:22:02.182 10 47982079
2,0 3,1 1,0 3,2 1,2 3,0 0,2 1,3 0,3 2,1 
2026-06-30 13:22:02.345 10 48254313
1,3 2,0 1,2 3,0 1,0 3,2 0,3 2,1 0,2 3,1 
2026-06-30 13:22:02.388 10 48326199
2,0 3,1 1,0 3,2 1,2 3,0 0,2 1,3 0,3 2,1 
2026-06-30 13:22:02.670 10 48800890
0,2 3,1 2,1 3,0 1,0 3,2 0,3 1,2 1,3 2,0 
2026-06-30 13:22:02.732 10 48900671
0,2 1,3 1,2 3,0 1,0 3,2 2,0 3,1 0,3 2,1 
2026-06-30 13:22:02.907 10 49193008
1,3 2,0 0,3 1,2 0,2 3,1 2,1 3,0 1,0 3,2 
2026-06-30 13:22:03.024 10 49389815
0,3 1,2 2,0 3,1 1,0 3,2 2,1 3,0 0,2 1,3 
2026-06-30 13:22:03.080 10 49484170
0,2 1,3 0,3 2,1 1,0 3,2 1,2 3,0 2,0 3,1 
2026-06-30 13:22:03.444 10 50093498
1,2 3,0 0,2 1,3 1,0 3,2 0,3 2,1 2,0 3,1 
2026-06-30 13:22:03.607 10 50364770
0,2 1,3 0,3 1,2 2,0 3,1 1,0 3,2 2,1 3,0 
2026-06-30 13:22:03.709 10 50535702
1,2 3,0 1,3 2,0 0,3 2,1 0,2 3,1 1,0 3,2 
2026-06-30 13:22:03.710 10 50538239
1,2 3,0 0,2 3,1 1,0 3,2 0,3 2,1 1,3 2,0 
2026-06-30 13:22:03.712 10 50540593
2,0 3,1 2,1 3,0 0,2 1,3 1,0 3,2 0,3 1,2 
2026-06-30 13:22:03.797 10 50682711
0,3 1,2 1,0 3,2 1,3 2,0 2,1 3,0 0,2 3,1 
2026-06-30 13:22:04.076 10 51148207
0,3 2,1 0,2 1,3 1,2 3,0 1,0 3,2 2,0 3,1 
2026-06-30 13:22:04.598 10 52024113
0,2 1,3 1,2 3,0 1,0 3,2 2,0 3,1 0,3 2,1 
2026-06-30 13:22:04.629 10 52075484
0,2 3,1 0,3 1,2 1,0 3,2 1,3 2,0 2,1 3,0 
2026-06-30 13:22:04.672 10 52146986
1,2 3,0 1,3 2,0 1,0 3,2 0,3 2,1 0,2 3,1 
2026-06-30 13:22:04.746 10 52270970
1,2 3,0 0,2 1,3 0,3 2,1 1,0 3,2 2,0 3,1 
2026-06-30 13:22:04.835 10 52417419
1,3 2,0 1,2 3,0 0,2 3,1 0,3 2,1 1,0 3,2 
2026-06-30 13:22:04.951 10 52610756
2,1 3,0 0,2 1,3 1,0 3,2 0,3 1,2 2,0 3,1 
2026-06-30 13:22:05.045 10 52767001
0,2 1,3 0,3 1,2 2,0 3,1 1,0 3,2 2,1 3,0 
2026-06-30 13:22:05.050 10 52774110
0,2 3,1 2,1 3,0 1,0 3,2 1,3 2,0 0,3 1,2 
2026-06-30 13:22:05.124 10 52896266
2,0 3,1 1,2 3,0 1,0 3,2 0,3 2,1 0,2 1,3 
2026-06-30 13:22:05.157 10 52952011
1,3 2,0 0,3 2,1 0,2 3,1 1,2 3,0 1,0 3,2 
2026-06-30 13:22:05.291 10 53173274
1,3 2,0 2,1 3,0 1,0 3,2 0,2 3,1 0,3 1,2 
2026-06-30 13:22:05.726 10 53893997
1,3 2,0 2,1 3,0 0,2 3,1 0,3 1,2 1,0 3,2 
2026-06-30 13:22:05.948 10 54263599
0,2 1,3 2,1 3,0 1,0 3,2 0,3 1,2 2,0 3,1 
2026-06-30 13:22:06.195 10 54674325
2,1 3,0 1,3 2,0 0,3 1,2 0,2 3,1 1,0 3,2 
2026-06-30 13:22:06.311 10 54866638
0,3 1,2 0,2 1,3 1,0 3,2 2,0 3,1 2,1 3,0 
2026-06-30 13:22:06.327 10 54892913
0,2 3,1 1,0 3,2 2,1 3,0 1,3 2,0 0,3 1,2 
2026-06-30 13:22:06.641 10 55417415
0,3 2,1 2,0 3,1 1,0 3,2 1,2 3,0 0,2 1,3 
2026-06-30 13:22:06.681 10 55484744
0,2 3,1 1,0 3,2 0,3 2,1 1,3 2,0 1,2 3,0 
2026-06-30 13:22:06.684 10 55488750
0,3 2,1 0,2 1,3 1,2 3,0 2,0 3,1 1,0 3,2 
2026-06-30 13:22:06.821 10 55716662
0,2 1,3 1,0 3,2 1,2 3,0 2,0 3,1 0,3 2,1 
2026-06-30 13:22:06.906 10 55858330
1,3 2,0 2,1 3,0 0,2 3,1 1,0 3,2 0,3 1,2 
2026-06-30 13:22:06.924 10 55889037
1,3 2,0 1,0 3,2 0,3 2,1 0,2 3,1 1,2 3,0 
2026-06-30 13:22:06.933 10 55903827
0,3 2,1 0,2 1,3 1,2 3,0 1,0 3,2 2,0 3,1 
2026-06-30 13:22:07.227 10 56389608
0,3 2,1 0,2 3,1 1,0 3,2 1,3 2,0 1,2 3,0 
2026-06-30 13:22:07.353 10 56597090
0,3 1,2 0,2 1,3 1,0 3,2 2,0 3,1 2,1 3,0 
2026-06-30 13:22:07.409 10 56688145
2,1 3,0 0,2 3,1 1,0 3,2 0,3 1,2 1,3 2,0 
2026-06-30 13:22:07.418 10 56703768
0,3 1,2 2,0 3,1 1,0 3,2 0,2 1,3 2,1 3,0 
2026-06-30 13:22:07.506 10 56848533
0,2 3,1 1,0 3,2 1,2 3,0 1,3 2,0 0,3 2,1 
2026-06-30 13:22:07.650 10 57085557
1,3 2,0 0,3 2,1 0,2 3,1 1,2 3,0 1,0 3,2 
2026-06-30 13:22:07.708 10 57180470
0,3 1,2 0,2 3,1 1,0 3,2 1,3 2,0 2,1 3,0 
2026-06-30 13:22:07.788 10 57313424
0,2 1,3 2,1 3,0 1,0 3,2 2,0 3,1 0,3 1,2 
2026-06-30 13:22:08.008 10 57676202
0,2 3,1 0,3 1,2 1,0 3,2 2,1 3,0 1,3 2,0 
2026-06-30 13:22:08.033 10 57717018
0,2 1,3 0,3 1,2 2,0 3,1 2,1 3,0 1,0 3,2 
2026-06-30 13:22:08.063 10 57766679
0,2 1,3 1,2 3,0 2,0 3,1 1,0 3,2 0,3 2,1 
2026-06-30 13:22:08.272 10 58111525
2,1 3,0 1,0 3,2 0,2 1,3 0,3 1,2 2,0 3,1 
2026-06-30 13:22:08.539 10 58551075
1,2 3,0 1,0 3,2 0,2 3,1 0,3 2,1 1,3 2,0 
2026-06-30 13:22:08.710 10 58832435
0,2 3,1 0,3 2,1 1,3 2,0 1,0 3,2 1,2 3,0 
2026-06-30 13:22:08.868 10 59093264
0,2 3,1 1,2 3,0 1,0 3,2 0,3 2,1 1,3 2,0 
2026-06-30 13:22:09.131 10 59527709
2,0 3,1 0,3 2,1 0,2 1,3 1,2 3,0 1,0 3,2 
2026-06-30 13:22:09.196 10 59634902
0,2 1,3 2,1 3,0 1,0 3,2 2,0 3,1 0,3 1,2 
2026-06-30 13:22:09.212 10 59660320
1,3 2,0 0,3 1,2 0,2 3,1 2,1 3,0 1,0 3,2 
2026-06-30 13:22:09.239 10 59704781
2,0 3,1 1,0 3,2 1,2 3,0 0,2 1,3 0,3 2,1 
2026-06-30 13:22:09.365 10 59911530
0,3 2,1 1,3 2,0 1,0 3,2 0,2 3,1 1,2 3,0 
2026-06-30 13:22:09.728 10 60509093
0,3 2,1 0,2 1,3 1,2 3,0 1,0 3,2 2,0 3,1 
2026-06-30 13:22:09.958 10 60886125
1,2 3,0 1,3 2,0 0,3 2,1 1,0 3,2 0,2 3,1 
2026-06-30 13:22:10.069 10 61069855
0,2 3,1 0,3 1,2 1,0 3,2 2,1 3,0 1,3 2,0 
2026-06-30 13:22:10.081 10 61089289
0,2 1,3 1,2 3,0 2,0 3,1 1,0 3,2 0,3 2,1 
2026-06-30 13:22:10.131 10 61171109
0,2 3,1 0,3 1,2 1,0 3,2 2,1 3,0 1,3 2,0 
2026-06-30 13:22:10.155 10 61210588
0,3 1,2 0,2 1,3 2,1 3,0 2,0 3,1 1,0 3,2 
2026-06-30 13:22:10.250 10 61367465
0,2 3,1 1,0 3,2 0,3 1,2 1,3 2,0 2,1 3,0 
2026-06-30 13:22:10.339 10 61513942
1,2 3,0 1,0 3,2 0,2 3,1 0,3 2,1 1,3 2,0 
2026-06-30 13:22:10.357 10 61543428
1,2 3,0 2,0 3,1 0,3 2,1 1,0 3,2 0,2 1,3 
2026-06-30 13:22:10.460 10 61711438
0,3 1,2 1,0 3,2 1,3 2,0 2,1 3,0 0,2 3,1 
2026-06-30 13:22:10.653 10 62029306
0,2 1,3 1,2 3,0 1,0 3,2 2,0 3,1 0,3 2,1 
2026-06-30 13:22:10.703 10 62112176
1,3 2,0 1,2 3,0 1,0 3,2 0,2 3,1 0,3 2,1 
2026-06-30 13:22:10.865 10 62380309
1,3 2,0 0,3 1,2 1,0 3,2 2,1 3,0 0,2 3,1 
2026-06-30 13:22:10.884 10 62412166
0,2 1,3 0,3 2,1 2,0 3,1 1,2 3,0 1,0 3,2 
2026-06-30 13:22:11.167 10 62878067
2,0 3,1 0,3 2,1 1,0 3,2 1,2 3,0 0,2 1,3 
2026-06-30 13:22:11.213 10 62952710
1,2 3,0 0,2 3,1 1,0 3,2 0,3 2,1 1,3 2,0 
2026-06-30 13:22:11.475 10 63383749
0,3 1,2 2,0 3,1 1,0 3,2 0,2 1,3 2,1 3,0 
2026-06-30 13:22:11.490 10 63407389
0,2 1,3 1,2 3,0 2,0 3,1 1,0 3,2 0,3 2,1 
2026-06-30 13:22:11.692 10 63740320
0,2 1,3 0,3 2,1 2,0 3,1 1,2 3,0 1,0 3,2 
2026-06-30 13:22:11.708 10 63766492
1,2 3,0 1,0 3,2 0,2 3,1 0,3 2,1 1,3 2,0 
2026-06-30 13:22:11.742 10 63822446
1,2 3,0 0,2 3,1 1,0 3,2 0,3 2,1 1,3 2,0 
2026-06-30 13:22:11.891 10 64067543
0,3 1,2 1,3 2,0 1,0 3,2 0,2 3,1 2,1 3,0 
2026-06-30 13:22:12.015 10 64272546
0,2 1,3 2,1 3,0 1,0 3,2 0,3 1,2 2,0 3,1 
2026-06-30 13:22:12.232 10 64629237
0,3 2,1 0,2 3,1 1,0 3,2 1,3 2,0 1,2 3,0 
2026-06-30 13:22:12.646 10 65312958
2,1 3,0 1,3 2,0 1,0 3,2 0,2 3,1 0,3 1,2 
2026-06-30 13:22:12.670 10 65351469
0,3 2,1 0,2 1,3 1,0 3,2 2,0 3,1 1,2 3,0 
2026-06-30 13:22:12.721 10 65435891
1,3 2,0 0,3 1,2 1,0 3,2 0,2 3,1 2,1 3,0 
2026-06-30 13:22:13.008 10 65910051
2,1 3,0 1,0 3,2 1,3 2,0 0,3 1,2 0,2 3,1 
2026-06-30 13:22:13.027 10 65941133
1,3 2,0 2,1 3,0 1,0 3,2 0,2 3,1 0,3 1,2 
2026-06-30 13:22:13.035 10 65955021
0,2 3,1 0,3 2,1 1,3 2,0 1,0 3,2 1,2 3,0 
2026-06-30 13:22:13.160 10 66160134
0,3 2,1 0,2 1,3 1,2 3,0 2,0 3,1 1,0 3,2 
2026-06-30 13:22:13.269 10 66339618
2,0 3,1 1,0 3,2 2,1 3,0 0,2 1,3 0,3 1,2 
2026-06-30 13:22:13.532 10 66772701
0,3 1,2 0,2 1,3 1,0 3,2 2,0 3,1 2,1 3,0 
2026-06-30 13:22:13.534 10 66775623
0,3 2,1 1,3 2,0 1,2 3,0 1,0 3,2 0,2 3,1 
2026-06-30 13:22:13.641 10 66952420
0,2 1,3 1,0 3,2 0,3 1,2 2,0 3,1 2,1 3,0 
2026-06-30 13:22:13.920 10 67410279
1,2 3,0 1,3 2,0 1,0 3,2 0,2 3,1 0,3 2,1 
2026-06-30 13:22:14.001 10 67544216
2,0 3,1 1,2 3,0 1,0 3,2 0,2 1,3 0,3 2,1 
2026-06-30 13:22:14.420 10 68234971
2,1 3,0 0,2 1,3 1,0 3,2 2,0 3,1 0,3 1,2 
2026-06-30 13:22:14.458 10 68296576
2,0 3,1 2,1 3,0 0,2 1,3 0,3 1,2 1,0 3,2 
2026-06-30 13:22:14.479 10 68330730
2,1 3,0 2,0 3,1 1,0 3,2 0,2 1,3 0,3 1,2 
2026-06-30 13:22:14.676 10 68655811
2,1 3,0 1,0 3,2 0,2 1,3 0,3 1,2 2,0 3,1 
2026-06-30 13:22:14.688 10 68675952
2,1 3,0 0,2 3,1 0,3 1,2 1,3 2,0 1,0 3,2 
2026-06-30 13:22:14.704 10 68702581
1,2 3,0 2,0 3,1 1,0 3,2 0,3 2,1 0,2 1,3 
2026-06-30 13:22:14.704 10 68702899
0,3 1,2 0,2 3,1 2,1 3,0 1,3 2,0 1,0 3,2 
2026-06-30 13:22:14.728 10 68741263
0,3 1,2 2,0 3,1 2,1 3,0 1,0 3,2 0,2 1,3 
2026-06-30 13:22:14.734 10 68751470
0,3 1,2 1,0 3,2 0,2 3,1 2,1 3,0 1,3 2,0 
2026-06-30 13:22:14.947 10 69102232
0,2 3,1 0,3 1,2 1,3 2,0 2,1 3,0 1,0 3,2 
2026-06-30 13:22:15.061 10 69290928
0,3 1,2 0,2 3,1 1,0 3,2 1,3 2,0 2,1 3,0 
2026-06-30 13:22:15.377 10 69817192
0,3 1,2 0,2 3,1 1,0 3,2 1,3 2,0 2,1 3,0 
2026-06-30 13:22:15.416 10 69883072
0,3 1,2 0,2 3,1 2,1 3,0 1,0 3,2 1,3 2,0 
2026-06-30 13:22:15.535 10 70081631
1,2 3,0 1,0 3,2 0,2 3,1 0,3 2,1 1,3 2,0 
2026-06-30 13:22:15.550 10 70105571
1,3 2,0 0,3 2,1 0,2 3,1 1,2 3,0 1,0 3,2 
2026-06-30 13:22:15.740 10 70421740
0,3 1,2 0,2 1,3 1,0 3,2 2,1 3,0 2,0 3,1 
2026-06-30 13:22:15.775 10 70481393
1,2 3,0 0,2 3,1 0,3 2,1 1,3 2,0 1,0 3,2 
2026-06-30 13:22:15.888 10 70669236
1,2 3,0 1,0 3,2 0,2 1,3 0,3 2,1 2,0 3,1 
2026-06-30 13:22:15.983 10 70826371
0,2 1,3 0,3 2,1 2,0 3,1 1,0 3,2 1,2 3,0 
2026-06-30 13:22:16.189 10 71169818
0,3 1,2 0,2 3,1 1,0 3,2 1,3 2,0 2,1 3,0 
2026-06-30 13:22:16.231 10 71240173
0,3 2,1 2,0 3,1 1,0 3,2 1,2 3,0 0,2 1,3 
2026-06-30 13:22:16.395 10 71512780
0,2 3,1 1,0 3,2 0,3 1,2 1,3 2,0 2,1 3,0 
2026-06-30 13:22:16.626 10 71898460
0,3 2,1 2,0 3,1 1,0 3,2 0,2 1,3 1,2 3,0 
2026-06-30 13:22:16.861 10 72291499
1,2 3,0 1,3 2,0 0,3 2,1 1,0 3,2 0,2 3,1 
2026-06-30 13:22:17.026 10 72568117
0,3 2,1 1,3 2,0 1,0 3,2 0,2 3,1 1,2 3,0 
2026-06-30 13:22:17.104 10 72698858
2,1 3,0 0,2 1,3 0,3 1,2 1,0 3,2 2,0 3,1 
2026-06-30 13:22:17.127 10 72737086
0,2 3,1 1,2 3,0 1,3 2,0 0,3 2,1 1,0 3,2 
2026-06-30 13:22:17.198 10 72854014
2,1 3,0 2,0 3,1 1,0 3,2 0,2 1,3 0,3 1,2 
2026-06-30 13:22:17.243 10 72929169
0,3 1,2 1,0 3,2 1,3 2,0 2,1 3,0 0,2 3,1 
2026-06-30 13:22:17.272 10 72976265
1,2 3,0 1,3 2,0 0,3 2,1 0,2 3,1 1,0 3,2 
2026-06-30 13:22:17.319 10 73054445
0,2 3,1 1,2 3,0 1,0 3,2 1,3 2,0 0,3 2,1 
2026-06-30 13:22:17.412 10 73209762
0,2 3,1 0,3 2,1 1,3 2,0 1,0 3,2 1,2 3,0 
2026-06-30 13:22:17.500 10 73354914
0,3 1,2 1,3 2,0 1,0 3,2 0,2 3,1 2,1 3,0 
2026-06-30 13:22:17.846 10 73932538
2,0 3,1 0,3 2,1 0,2 1,3 1,0 3,2 1,2 3,0 
2026-06-30 13:22:17.945 10 74096328
0,2 1,3 1,2 3,0 2,0 3,1 1,0 3,2 0,3 2,1 
2026-06-30 13:22:18.053 10 74275431
0,3 2,1 0,2 1,3 1,0 3,2 1,2 3,0 2,0 3,1 
2026-06-30 13:22:18.121 10 74388993
1,2 3,0 1,3 2,0 0,3 2,1 0,2 3,1 1,0 3,2 
2026-06-30 13:22:18.178 10 74484737
1,3 2,0 0,3 1,2 1,0 3,2 2,1 3,0 0,2 3,1 
2026-06-30 13:22:18.298 10 74683881
0,2 3,1 1,2 3,0 1,3 2,0 1,0 3,2 0,3 2,1 
2026-06-30 13:22:18.373 10 74808780
0,2 3,1 2,1 3,0 1,0 3,2 0,3 1,2 1,3 2,0 
2026-06-30 13:22:18.496 10 75015088
0,2 1,3 2,1 3,0 2,0 3,1 0,3 1,2 1,0 3,2 
2026-06-30 13:22:18.530 10 75070200
1,3 2,0 0,3 2,1 0,2 3,1 1,0 3,2 1,2 3,0 
2026-06-30 13:22:18.573 10 75142240
0,3 1,2 1,0 3,2 2,0 3,1 2,1 3,0 0,2 1,3 
2026-06-30 13:22:18.597 10 75181205
0,3 1,2 1,0 3,2 1,3 2,0 2,1 3,0 0,2 3,1 
2026-06-30 13:22:18.813 10 75541335
1,3 2,0 0,3 1,2 1,0 3,2 2,1 3,0 0,2 3,1 
2026-06-30 13:22:18.869 10 75635742
0,3 2,1 1,0 3,2 0,2 1,3 1,2 3,0 2,0 3,1 
2026-06-30 13:22:18.980 10 75818750
1,3 2,0 0,3 1,2 1,0 3,2 2,1 3,0 0,2 3,1 
2026-06-30 13:22:19.206 10 76198205
0,2 3,1 0,3 2,1 1,3 2,0 1,2 3,0 1,0 3,2 
2026-06-30 13:22:19.307 10 76363909
0,2 3,1 0,3 2,1 1,0 3,2 1,3 2,0 1,2 3,0 
2026-06-30 13:22:19.415 10 76540921
0,2 1,3 1,2 3,0 2,0 3,1 1,0 3,2 0,3 2,1 
2026-06-30 13:22:19.507 10 76694263
1,2 3,0 1,0 3,2 1,3 2,0 0,3 2,1 0,2 3,1 
2026-06-30 13:22:19.693 10 77004913
0,2 3,1 1,0 3,2 0,3 1,2 1,3 2,0 2,1 3,0 
2026-06-30 13:22:19.884 10 77322881
0,3 1,2 0,2 3,1 2,1 3,0 1,0 3,2 1,3 2,0 
2026-06-30 13:22:19.949 10 77430606
1,3 2,0 2,1 3,0 1,0 3,2 0,3 1,2 0,2 3,1 
2026-06-30 13:22:19.987 10 77494182
1,2 3,0 0,2 3,1 0,3 2,1 1,0 3,2 1,3 2,0 
2026-06-30 13:22:20.057 10 77610998
0,3 2,1 1,0 3,2 0,2 3,1 1,2 3,0 1,3 2,0 
2026-06-30 13:22:20.072 10 77635413
0,3 2,1 1,3 2,0 1,0 3,2 1,2 3,0 0,2 3,1 
2026-06-30 13:22:20.217 10 77877777
1,3 2,0 0,3 1,2 1,0 3,2 0,2 3,1 2,1 3,0 
2026-06-30 13:22:20.358 10 78112110
0,3 2,1 0,2 3,1 1,0 3,2 1,2 3,0 1,3 2,0 
2026-06-30 13:22:20.467 10 78292350
0,2 1,3 1,0 3,2 2,1 3,0 2,0 3,1 0,3 1,2 
2026-06-30 13:22:20.595 10 78504932
2,1 3,0 2,0 3,1 1,0 3,2 0,2 1,3 0,3 1,2 
2026-06-30 13:22:20.597 10 78508015
1,2 3,0 0,2 1,3 0,3 2,1 2,0 3,1 1,0 3,2 
2026-06-30 13:22:20.798 10 78843197
0,2 1,3 1,0 3,2 2,1 3,0 2,0 3,1 0,3 1,2 
2026-06-30 13:22:20.917 10 79042153
1,2 3,0 1,3 2,0 1,0 3,2 0,3 2,1 0,2 3,1 
2026-06-30 13:22:20.951 10 79098685
2,0 3,1 0,3 2,1 1,0 3,2 1,2 3,0 0,2 1,3 
2026-06-30 13:22:21.111 10 79366043
2,0 3,1 0,3 1,2 1,0 3,2 0,2 1,3 2,1 3,0 
2026-06-30 13:22:21.158 10 79443757
0,3 2,1 0,2 1,3 1,2 3,0 1,0 3,2 2,0 3,1 
2026-06-30 13:22:21.356 10 79774740
0,3 2,1 2,0 3,1 1,0 3,2 0,2 1,3 1,2 3,0 
2026-06-30 13:22:21.561 10 80115780
0,3 1,2 0,2 3,1 2,1 3,0 1,0 3,2 1,3 2,0 
2026-06-30 13:22:21.618 10 80210414
1,2 3,0 0,2 3,1 1,0 3,2 0,3 2,1 1,3 2,0 
2026-06-30 13:22:21.653 10 80269409
1,2 3,0 2,0 3,1 0,3 2,1 1,0 3,2 0,2 1,3 
2026-06-30 13:22:21.666 10 80291112
1,3 2,0 0,3 1,2 0,2 3,1 1,0 3,2 2,1 3,0 
2026-06-30 13:22:21.752 10 80433610
1,3 2,0 0,3 2,1 1,0 3,2 0,2 3,1 1,2 3,0 
2026-06-30 13:22:21.997 10 80842391
1,3 2,0 0,3 1,2 1,0 3,2 0,2 3,1 2,1 3,0 
2026-06-30 13:22:22.265 10 81287819
0,3 2,1 0,2 1,3 1,2 3,0 1,0 3,2 2,0 3,1 
2026-06-30 13:22:22.325 10 81388227
2,1 3,0 1,3 2,0 0,3 1,2 1,0 3,2 0,2 3,1 
2026-06-30 13:22:22.500 10 81678806
0,3 2,1 1,3 2,0 1,0 3,2 1,2 3,0 0,2 3,1 
2026-06-30 13:22:22.543 10 81750070
0,3 2,1 0,2 3,1 1,2 3,0 1,3 2,0 1,0 3,2 
2026-06-30 13:22:22.569 10 81793472
0,2 3,1 0,3 1,2 1,0 3,2 1,3 2,0 2,1 3,0 
2026-06-30 13:22:22.618 10 81874558
0,3 1,2 1,0 3,2 2,0 3,1 2,1 3,0 0,2 1,3 
2026-06-30 13:22:22.623 10 81883390
2,1 3,0 1,3 2,0 1,0 3,2 0,2 3,1 0,3 1,2 
2026-06-30 13:22:22.686 10 81988515
0,2 3,1 1,2 3,0 1,0 3,2 0,3 2,1 1,3 2,0 
2026-06-30 13:22:22.843 10 82248519
1,2 3,0 2,0 3,1 1,0 3,2 0,2 1,3 0,3 2,1 
2026-06-30 13:22:22.916 10 82370652
2,1 3,0 1,3 2,0 1,0 3,2 0,2 3,1 0,3 1,2 
2026-06-30 13:22:23.047 10 82586656
0,3 1,2 1,3 2,0 2,1 3,0 1,0 3,2 0,2 3,1 
2026-06-30 13:22:23.053 10 82596512
0,3 2,1 1,0 3,2 2,0 3,1 1,2 3,0 0,2 1,3 
2026-06-30 13:22:23.338 10 83069662
0,3 1,2 1,3 2,0 2,1 3,0 0,2 3,1 1,0 3,2 
2026-06-30 13:22:23.437 10 83235349
1,3 2,0 0,3 2,1 0,2 3,1 1,2 3,0 1,0 3,2 
2026-06-30 13:22:23.549 10 83421533
0,2 1,3 1,2 3,0 1,0 3,2 0,3 2,1 2,0 3,1 
2026-06-30 13:22:23.874 10 83958803
0,3 1,2 1,3 2,0 2,1 3,0 1,0 3,2 0,2 3,1 
2026-06-30 13:22:23.877 10 83964438
0,2 3,1 1,0 3,2 0,3 1,2 1,3 2,0 2,1 3,0 
2026-06-30 13:22:23.938 10 84065140
0,3 2,1 0,2 3,1 1,2 3,0 1,0 3,2 1,3 2,0 
2026-06-30 13:22:24.294 10 84657105
0,3 1,2 0,2 3,1 2,1 3,0 1,0 3,2 1,3 2,0 
2026-06-30 13:22:24.408 10 84848704
2,0 3,1 1,2 3,0 0,2 1,3 1,0 3,2 0,3 2,1 
2026-06-30 13:22:24.529 10 85048765
0,3 2,1 1,0 3,2 0,2 1,3 1,2 3,0 2,0 3,1 
2026-06-30 13:22:24.659 10 85265703
1,2 3,0 1,0 3,2 0,2 1,3 0,3 2,1 2,0 3,1 
2026-06-30 13:22:24.661 10 85268851
2,0 3,1 1,0 3,2 0,3 1,2 0,2 1,3 2,1 3,0 
2026-06-30 13:22:24.701 10 85336199
1,2 3,0 0,2 1,3 1,0 3,2 0,3 2,1 2,0 3,1 
2026-06-30 13:22:24.712 10 85354342
0,3 1,2 0,2 1,3 2,1 3,0 1,0 3,2 2,0 3,1 
2026-06-30 13:22:24.761 10 85435077
1,2 3,0 2,0 3,1 0,3 2,1 0,2 1,3 1,0 3,2 
2026-06-30 13:22:24.777 10 85461550
0,3 1,2 2,0 3,1 1,0 3,2 2,1 3,0 0,2 1,3 
2026-06-30 13:22:24.815 10 85524537
0,3 2,1 0,2 3,1 1,0 3,2 1,2 3,0 1,3 2,0 
2026-06-30 13:22:24.923 10 85704658
0,2 1,3 0,3 1,2 1,0 3,2 2,1 3,0 2,0 3,1 
2026-06-30 13:22:25.060 10 85932149
2,0 3,1 1,0 3,2 0,3 1,2 0,2 1,3 2,1 3,0 
2026-06-30 13:22:25.092 10 85984049
1,3 2,0 2,1 3,0 1,0 3,2 0,3 1,2 0,2 3,1 
2026-06-30 13:22:25.278 10 86293727
1,2 3,0 2,0 3,1 0,3 2,1 0,2 1,3 1,0 3,2 
2026-06-30 13:22:25.331 10 86383154
0,3 1,2 1,0 3,2 2,0 3,1 2,1 3,0 0,2 1,3 
2026-06-30 13:22:25.373 10 86452283
2,0 3,1 1,0 3,2 2,1 3,0 0,2 1,3 0,3 1,2 
2026-06-30 13:22:25.477 10 86625369
0,3 2,1 0,2 3,1 1,0 3,2 1,2 3,0 1,3 2,0 
2026-06-30 13:22:25.720 10 87029456
0,2 1,3 2,1 3,0 2,0 3,1 0,3 1,2 1,0 3,2 
2026-06-30 13:22:25.975 10 87454180
0,3 1,2 0,2 1,3 1,0 3,2 2,1 3,0 2,0 3,1 
2026-06-30 13:22:26.018 10 87524781
1,3 2,0 0,3 1,2 0,2 3,1 1,0 3,2 2,1 3,0 
2026-06-30 13:22:26.053 10 87583053
2,0 3,1 1,0 3,2 0,3 1,2 0,2 1,3 2,1 3,0 
2026-06-30 13:22:26.069 10 87609760
0,2 3,1 0,3 1,2 1,3 2,0 2,1 3,0 1,0 3,2 
2026-06-30 13:22:26.204 10 87835746
2,0 3,1 2,1 3,0 1,0 3,2 0,2 1,3 0,3 1,2 
2026-06-30 13:22:26.324 10 88037132
2,0 3,1 0,3 2,1 0,2 1,3 1,2 3,0 1,0 3,2 
2026-06-30 13:22:26.706 10 88672287
0,3 1,2 2,0 3,1 1,0 3,2 2,1 3,0 0,2 1,3 
2026-06-30 13:22:26.838 10 88891112
2,0 3,1 0,3 2,1 1,0 3,2 1,2 3,0 0,2 1,3 
2026-06-30 13:22:26.877 10 88955899
0,3 2,1 2,0 3,1 1,0 3,2 1,2 3,0 0,2 1,3 
2026-06-30 13:22:26.895 10 88986364
1,3 2,0 1,0 3,2 0,3 2,1 0,2 3,1 1,2 3,0 
2026-06-30 13:22:27.152 10 89413842
0,2 3,1 0,3 1,2 1,0 3,2 1,3 2,0 2,1 3,0 
2026-06-30 13:22:27.254 10 89583945
1,2 3,0 0,2 3,1 1,0 3,2 1,3 2,0 0,3 2,1 
2026-06-30 13:22:27.702 10 90331858
2,1 3,0 0,2 3,1 0,3 1,2 1,0 3,2 1,3 2,0 
2026-06-30 13:22:27.781 10 90463954
0,2 1,3 1,0 3,2 1,2 3,0 2,0 3,1 0,3 2,1 
2026-06-30 13:22:27.869 10 90610996
2,0 3,1 2,1 3,0 1,0 3,2 0,3 1,2 0,2 1,3 
2026-06-30 13:22:27.944 10 90736281
0,3 2,1 1,3 2,0 1,2 3,0 1,0 3,2 0,2 3,1 
2026-06-30 13:22:28.015 10 90854137
1,3 2,0 0,3 2,1 0,2 3,1 1,2 3,0 1,0 3,2 
2026-06-30 13:22:28.424 10 91537000
2,0 3,1 1,2 3,0 1,0 3,2 0,2 1,3 0,3 2,1 
2026-06-30 13:22:28.441 10 91565683
2,0 3,1 1,0 3,2 0,3 2,1 0,2 1,3 1,2 3,0 
2026-06-30 13:22:28.527 10 91709175
0,3 2,1 1,0 3,2 1,3 2,0 1,2 3,0 0,2 3,1 
2026-06-30 13:22:28.542 10 91733680
0,3 1,2 0,2 1,3 1,0 3,2 2,0 3,1 2,1 3,0 
2026-06-30 13:22:28.599 10 91828870
0,3 1,2 2,0 3,1 1,0 3,2 0,2 1,3 2,1 3,0 
2026-06-30 13:22:28.716 10 92024079
0,3 1,2 1,0 3,2 1,3 2,0 2,1 3,0 0,2 3,1 
2026-06-30 13:22:28.738 10 92060941
0,3 1,2 0,2 1,3 1,0 3,2 2,1 3,0 2,0 3,1 
2026-06-30 13:22:28.741 10 92065153
1,2 3,0 1,3 2,0 0,3 2,1 0,2 3,1 1,0 3,2 
2026-06-30 13:22:28.799 10 92162526
0,2 3,1 1,2 3,0 1,0 3,2 0,3 2,1 1,3 2,0 
2026-06-30 13:22:28.805 10 92171621
2,1 3,0 2,0 3,1 1,0 3,2 0,3 1,2 0,2 1,3 
2026-06-30 13:22:29.230 10 92880148
0,3 2,1 0,2 3,1 1,2 3,0 1,0 3,2 1,3 2,0 
2026-06-30 13:22:29.254 10 92921124
0,2 3,1 0,3 2,1 1,0 3,2 1,2 3,0 1,3 2,0 
2026-06-30 13:22:29.569 10 93445016
0,3 1,2 0,2 3,1 2,1 3,0 1,3 2,0 1,0 3,2 
2026-06-30 13:22:29.678 10 93626987
1,3 2,0 1,0 3,2 0,3 1,2 0,2 3,1 2,1 3,0 
2026-06-30 13:22:29.686 10 93640387
0,2 1,3 0,3 1,2 2,0 3,1 1,0 3,2 2,1 3,0 
2026-06-30 13:22:30.044 10 94236791
0,3 2,1 2,0 3,1 1,2 3,0 0,2 1,3 1,0 3,2 
2026-06-30 13:22:30.285 10 94640931
0,3 2,1 1,3 2,0 1,2 3,0 1,0 3,2 0,2 3,1 
2026-06-30 13:22:30.404 10 94838415
2,1 3,0 1,0 3,2 0,2 1,3 0,3 1,2 2,0 3,1 
2026-06-30 13:22:30.433 10 94886612
1,3 2,0 2,1 3,0 1,0 3,2 0,2 3,1 0,3 1,2 
2026-06-30 13:22:30.467 10 94942376
2,1 3,0 0,2 1,3 1,0 3,2 0,3 1,2 2,0 3,1 
2026-06-30 13:22:30.666 10 95274897
2,1 3,0 2,0 3,1 1,0 3,2 0,2 1,3 0,3 1,2 
2026-06-30 13:22:31.097 10 95993986
0,2 1,3 1,0 3,2 0,3 2,1 2,0 3,1 1,2 3,0 
2026-06-30 13:22:31.098 10 95996449
0,3 2,1 1,0 3,2 1,3 2,0 1,2 3,0 0,2 3,1 
2026-06-30 13:22:31.362 10 96437297
1,2 3,0 0,2 3,1 0,3 2,1 1,0 3,2 1,3 2,0 
2026-06-30 13:22:31.564 10 96773175
0,3 2,1 0,2 3,1 1,0 3,2 1,3 2,0 1,2 3,0 
2026-06-30 13:22:31.674 10 96957657
1,2 3,0 1,3 2,0 1,0 3,2 0,2 3,1 0,3 2,1 
2026-06-30 13:22:31.845 10 97243089
0,3 2,1 0,2 1,3 1,0 3,2 1,2 3,0 2,0 3,1 
2026-06-30 13:22:31.887 10 97313150
2,1 3,0 0,2 3,1 1,0 3,2 1,3 2,0 0,3 1,2 
2026-06-30 13:22:32.407 10 98182383
2,0 3,1 1,2 3,0 0,2 1,3 1,0 3,2 0,3 2,1 
2026-06-30 13:22:32.529 10 98385269
0,2 1,3 0,3 2,1 1,0 3,2 2,0 3,1 1,2 3,0 
2026-06-30 13:22:32.561 10 98438895
1,2 3,0 0,2 1,3 1,0 3,2 0,3 2,1 2,0 3,1 
2026-06-30 13:22:32.578 10 98467340
0,3 2,1 0,2 1,3 1,0 3,2 1,2 3,0 2,0 3,1 
2026-06-30 13:22:32.581 10 98471517
0,2 1,3 0,3 1,2 1,0 3,2 2,0 3,1 2,1 3,0 
2026-06-30 13:22:32.656 10 98596730
2,0 3,1 0,3 1,2 0,2 1,3 1,0 3,2 2,1 3,0 
2026-06-30 13:22:32.717 10 98699223
0,3 2,1 1,3 2,0 1,0 3,2 1,2 3,0 0,2 3,1 
2026-06-30 13:22:32.809 10 98852197
1,3 2,0 2,1 3,0 0,2 3,1 1,0 3,2 0,3 1,2 
2026-06-30 13:22:32.828 10 98883029
2,0 3,1 0,3 2,1 0,2 1,3 1,2 3,0 1,0 3,2 
2026-06-30 13:22:33.038 10 99233256
1,3 2,0 0,3 2,1 1,0 3,2 1,2 3,0 0,2 3,1 
2026-06-30 13:22:33.165 10 99447063
0,2 1,3 2,1 3,0 2,0 3,1 1,0 3,2 0,3 1,2 
2026-06-30 13:22:33.350 10 99756515
1,3 2,0 2,1 3,0 1,0 3,2 0,2 3,1 0,3 1,2 
2026-06-30 13:22:33.356 10 99765234
1,2 3,0 1,0 3,2 1,3 2,0 0,3 2,1 0,2 3,1 
2026-06-30 13:22:33.560 10 100102658
1,3 2,0 0,3 1,2 1,0 3,2 0,2 3,1 2,1 3,0 
2026-06-30 13:22:33.651 10 100255696
0,2 1,3 2,1 3,0 1,0 3,2 2,0 3,1 0,3 1,2 
2026-06-30 13:22:33.696 10 100330240
0,2 1,3 2,1 3,0 2,0 3,1 0,3 1,2 1,0 3,2 
2026-06-30 13:22:33.759 10 100435494
2,1 3,0 1,0 3,2 2,0 3,1 0,3 1,2 0,2 1,3 
2026-06-30 13:22:33.943 10 100741868
1,2 3,0 1,0 3,2 0,2 1,3 0,3 2,1 2,0 3,1 
2026-06-30 13:22:34.269 10 101286914
0,3 1,2 0,2 3,1 1,0 3,2 2,1 3,0 1,3 2,0 
2026-06-30 13:22:34.306 10 101347960
0,2 1,3 1,0 3,2 1,2 3,0 2,0 3,1 0,3 2,1 
2026-06-30 13:22:34.364 10 101445322
1,3 2,0 0,3 1,2 1,0 3,2 2,1 3,0 0,2 3,1 
2026-06-30 13:22:34.506 10 101681821
1,3 2,0 1,2 3,0 0,2 3,1 0,3 2,1 1,0 3,2 
2026-06-30 13:22:34.539 10 101737054
1,2 3,0 0,2 1,3 1,0 3,2 2,0 3,1 0,3 2,1 
2026-06-30 13:22:34.558 10 101769392
0,2 1,3 0,3 1,2 1,0 3,2 2,0 3,1 2,1 3,0 
2026-06-30 13:22:34.625 10 101881653
2,1 3,0 1,3 2,0 0,3 1,2 0,2 3,1 1,0 3,2 
2026-06-30 13:22:34.828 10 102220866
0,3 2,1 0,2 3,1 1,0 3,2 1,3 2,0 1,2 3,0 
2026-06-30 13:22:34.866 10 102283054
0,2 1,3 2,1 3,0 1,0 3,2 0,3 1,2 2,0 3,1 
2026-06-30 13:22:34.931 10 102392181
2,1 3,0 1,3 2,0 1,0 3,2 0,2 3,1 0,3 1,2 
2026-06-30 13:22:35.002 10 102509557
0,3 2,1 1,0 3,2 0,2 3,1 1,2 3,0 1,3 2,0 
2026-06-30 13:22:35.300 10 103006958
2,0 3,1 1,2 3,0 1,0 3,2 0,2 1,3 0,3 2,1 
2026-06-30 13:22:35.423 10 103213271
0,2 1,3 2,1 3,0 2,0 3,1 0,3 1,2 1,0 3,2 
2026-06-30 13:22:35.516 10 103367780
0,3 2,1 1,0 3,2 1,3 2,0 1,2 3,0 0,2 3,1 
2026-06-30 13:22:35.722 10 103712867
2,0 3,1 0,3 2,1 0,2 1,3 1,2 3,0 1,0 3,2 
2026-06-30 13:22:35.724 10 103714932
1,3 2,0 0,3 1,2 1,0 3,2 0,2 3,1 2,1 3,0 
2026-06-30 13:22:35.873 10 103964148
0,3 1,2 0,2 1,3 2,1 3,0 2,0 3,1 1,0 3,2 
2026-06-30 13:22:36.150 10 104426451
1,2 3,0 1,3 2,0 1,0 3,2 0,3 2,1 0,2 3,1 
2026-06-30 13:22:36.337 10 104738425
0,3 1,2 1,0 3,2 0,2 3,1 2,1 3,0 1,3 2,0 
2026-06-30 13:22:36.528 10 105057987
2,0 3,1 1,0 3,2 2,1 3,0 0,2 1,3 0,3 1,2 
2026-06-30 13:22:36.663 10 105282662
0,2 1,3 1,0 3,2 0,3 2,1 2,0 3,1 1,2 3,0 
2026-06-30 13:22:36.940 10 105744049
0,3 1,2 1,0 3,2 0,2 1,3 2,1 3,0 2,0 3,1 
2026-06-30 13:22:36.959 10 105775864
2,0 3,1 0,3 2,1 1,0 3,2 1,2 3,0 0,2 1,3 
2026-06-30 13:22:36.960 10 105777988
2,1 3,0 1,3 2,0 0,3 1,2 1,0 3,2 0,2 3,1 
2026-06-30 13:22:37.019 10 105876685
0,2 3,1 1,2 3,0 1,3 2,0 1,0 3,2 0,3 2,1 
2026-06-30 13:22:37.065 10 105952430
0,3 2,1 2,0 3,1 1,2 3,0 1,0 3,2 0,2 1,3 
2026-06-30 13:22:37.074 10 105968376
0,2 1,3 0,3 1,2 1,0 3,2 2,1 3,0 2,0 3,1 
2026-06-30 13:22:37.235 10 106238263
0,2 3,1 2,1 3,0 1,0 3,2 0,3 1,2 1,3 2,0 
2026-06-30 13:22:37.563 10 106786603
0,3 1,2 1,0 3,2 2,0 3,1 2,1 3,0 0,2 1,3 
2026-06-30 13:22:37.717 10 107043806
2,1 3,0 1,3 2,0 0,3 1,2 1,0 3,2 0,2 3,1 
2026-06-30 13:22:37.795 10 107175410
0,3 2,1 1,3 2,0 1,0 3,2 1,2 3,0 0,2 3,1 
2026-06-30 13:22:37.898 10 107347457
0,2 1,3 1,2 3,0 1,0 3,2 0,3 2,1 2,0 3,1 
2026-06-30 13:22:37.978 10 107480411
1,2 3,0 0,2 1,3 0,3 2,1 1,0 3,2 2,0 3,1 
2026-06-30 13:22:38.017 10 107545683
1,2 3,0 1,0 3,2 2,0 3,1 0,3 2,1 0,2 1,3 
2026-06-30 13:22:38.108 10 107697670
2,0 3,1 0,3 2,1 1,0 3,2 1,2 3,0 0,2 1,3 
2026-06-30 13:22:38.268 10 107963616
0,2 1,3 0,3 2,1 2,0 3,1 1,0 3,2 1,2 3,0 
2026-06-30 13:22:38.564 10 108459612
2,1 3,0 0,2 3,1 1,0 3,2 1,3 2,0 0,3 1,2 
2026-06-30 13:22:38.792 10 108840345
1,3 2,0 0,3 2,1 1,0 3,2 0,2 3,1 1,2 3,0 
2026-06-30 13:22:38.845 10 108928922
1,2 3,0 0,2 3,1 1,0 3,2 1,3 2,0 0,3 2,1 
2026-06-30 13:22:38.883 10 108991384
0,2 1,3 0,3 1,2 2,0 3,1 2,1 3,0 1,0 3,2 
2026-06-30 13:22:38.891 10 109005764
0,3 2,1 1,3 2,0 1,2 3,0 0,2 3,1 1,0 3,2 
2026-06-30 13:22:38.899 10 109018985
0,3 2,1 2,0 3,1 1,2 3,0 0,2 1,3 1,0 3,2 
2026-06-30 13:22:39.271 10 109640263
0,2 1,3 1,0 3,2 1,2 3,0 2,0 3,1 0,3 2,1 
2026-06-30 13:22:39.539 10 110087419
2,1 3,0 1,3 2,0 0,3 1,2 0,2 3,1 1,0 3,2 
2026-06-30 13:22:39.569 10 110137810
0,3 1,2 0,2 3,1 1,0 3,2 1,3 2,0 2,1 3,0 
2026-06-30 13:22:39.614 10 110212757
2,0 3,1 1,0 3,2 0,3 2,1 0,2 1,3 1,2 3,0 
2026-06-30 13:22:39.767 10 110468252
2,0 3,1 2,1 3,0 0,2 1,3 0,3 1,2 1,0 3,2 
2026-06-30 13:22:39.856 10 110614794
0,2 1,3 1,0 3,2 1,2 3,0 2,0 3,1 0,3 2,1 
2026-06-30 13:22:39.904 10 110695050
0,3 1,2 0,2 1,3 1,0 3,2 2,1 3,0 2,0 3,1 
2026-06-30 13:22:40.073 10 110977421
2,0 3,1 0,3 1,2 0,2 1,3 1,0 3,2 2,1 3,0 
2026-06-30 13:22:40.156 10 111114319
2,1 3,0 1,0 3,2 0,2 1,3 0,3 1,2 2,0 3,1 
2026-06-30 13:22:40.287 10 111333638
1,2 3,0 0,2 3,1 1,0 3,2 0,3 2,1 1,3 2,0 
2026-06-30 13:22:40.288 10 111335354
2,1 3,0 1,3 2,0 0,3 1,2 1,0 3,2 0,2 3,1 
2026-06-30 13:22:40.347 10 111435279
0,3 1,2 2,0 3,1 1,0 3,2 0,2 1,3 2,1 3,0 
2026-06-30 13:22:40.437 10 111585135
0,2 1,3 0,3 2,1 2,0 3,1 1,2 3,0 1,0 3,2 
2026-06-30 13:22:40.450 10 111606115
0,2 3,1 0,3 2,1 1,3 2,0 1,0 3,2 1,2 3,0 
2026-06-30 13:22:40.718 10 112055194
2,1 3,0 2,0 3,1 1,0 3,2 0,2 1,3 0,3 1,2 
2026-06-30 13:22:40.794 10 112181241
0,3 1,2 1,3 2,0 1,0 3,2 0,2 3,1 2,1 3,0 
2026-06-30 13:22:40.993 10 112513936
2,1 3,0 1,3 2,0 0,3 1,2 0,2 3,1 1,0 3,2 
2026-06-30 13:22:41.079 10 112656026
0,3 1,2 0,2 1,3 1,0 3,2 2,0 3,1 2,1 3,0 
2026-06-30 13:22:41.257 10 112954111
0,3 1,2 2,0 3,1 2,1 3,0 1,0 3,2 0,2 1,3 
2026-06-30 13:22:41.405 10 113202460
0,3 2,1 0,2 3,1 1,2 3,0 1,0 3,2 1,3 2,0 
2026-06-30 13:22:41.542 10 113431813
0,2 3,1 1,2 3,0 1,0 3,2 0,3 2,1 1,3 2,0 
2026-06-30 13:22:41.555 10 113453359
2,0 3,1 1,0 3,2 0,3 1,2 0,2 1,3 2,1 3,0 
2026-06-30 13:22:41.578 10 113491512
0,3 2,1 0,2 1,3 1,2 3,0 2,0 3,1 1,0 3,2 
2026-06-30 13:22:41.664 10 113634401
0,2 3,1 1,0 3,2 0,3 1,2 1,3 2,0 2,1 3,0 
2026-06-30 13:22:41.700 10 113693101
0,2 3,1 1,0 3,2 0,3 2,1 1,3 2,0 1,2 3,0 
2026-06-30 13:22:41.707 10 113705923
2,1 3,0 1,3 2,0 0,3 1,2 1,0 3,2 0,2 3,1 
2026-06-30 13:22:41.723 10 113732626
0,3 2,1 1,3 2,0 1,2 3,0 1,0 3,2 0,2 3,1 
2026-06-30 13:22:41.764 10 113800705
0,2 1,3 1,2 3,0 1,0 3,2 0,3 2,1 2,0 3,1 
2026-06-30 13:22:41.781 10 113828158
0,2 1,3 1,0 3,2 1,2 3,0 2,0 3,1 0,3 2,1 
2026-06-30 13:22:41.899 10 114025630
0,2 3,1 1,0 3,2 0,3 2,1 1,3 2,0 1,2 3,0 
2026-06-30 13:22:41.950 10 114110617
2,0 3,1 1,0 3,2 0,3 2,1 0,2 1,3 1,2 3,0 
2026-06-30 13:22:41.972 10 114146193
0,2 1,3 0,3 1,2 1,0 3,2 2,1 3,0 2,0 3,1 
2026-06-30 13:22:42.262 10 114633290
0,3 1,2 0,2 1,3 1,0 3,2 2,1 3,0 2,0 3,1 
2026-06-30 13:22:42.297 10 114691102
0,3 1,2 2,0 3,1 1,0 3,2 0,2 1,3 2,1 3,0 
2026-06-30 13:22:42.319 10 114726775
2,0 3,1 0,3 2,1 1,0 3,2 1,2 3,0 0,2 1,3 
2026-06-30 13:22:42.338 10 114758807
1,3 2,0 0,3 1,2 0,2 3,1 1,0 3,2 2,1 3,0 
2026-06-30 13:22:42.555 10 115121113
0,2 1,3 0,3 1,2 1,0 3,2 2,0 3,1 2,1 3,0 
2026-06-30 13:22:42.698 10 115360671
1,2 3,0 1,0 3,2 0,2 3,1 0,3 2,1 1,3 2,0 
2026-06-30 13:22:42.848 10 115609700
0,3 2,1 0,2 1,3 1,0 3,2 2,0 3,1 1,2 3,0 
2026-06-30 13:22:42.908 10 115710423
1,2 3,0 0,2 1,3 0,3 2,1 2,0 3,1 1,0 3,2 
2026-06-30 13:22:42.947 10 115775204
1,2 3,0 1,3 2,0 0,3 2,1 0,2 3,1 1,0 3,2 
2026-06-30 13:22:43.192 10 116184699
0,2 3,1 0,3 1,2 1,3 2,0 1,0 3,2 2,1 3,0 
2026-06-30 13:22:43.864 10 117310469
2,0 3,1 0,3 1,2 1,0 3,2 0,2 1,3 2,1 3,0 
2026-06-30 13:22:43.879 10 117335364
2,1 3,0 1,0 3,2 1,3 2,0 0,3 1,2 0,2 3,1 
2026-06-30 13:22:43.917 10 117398440
2,0 3,1 1,2 3,0 0,2 1,3 0,3 2,1 1,0 3,2 
2026-06-30 13:22:43.988 10 117516714
1,2 3,0 2,0 3,1 0,3 2,1 1,0 3,2 0,2 1,3 
2026-06-30 13:22:44.093 10 117691741
2,0 3,1 1,2 3,0 1,0 3,2 0,3 2,1 0,2 1,3 
2026-06-30 13:22:44.169 10 117818267
1,2 3,0 0,2 3,1 0,3 2,1 1,0 3,2 1,3 2,0 
2026-06-30 13:22:44.219 10 117901493
0,2 1,3 1,0 3,2 0,3 2,1 2,0 3,1 1,2 3,0 
2026-06-30 13:22:44.394 10 118194536
2,1 3,0 0,2 1,3 0,3 1,2 2,0 3,1 1,0 3,2 
2026-06-30 13:22:44.397 10 118200686
0,3 2,1 2,0 3,1 1,2 3,0 0,2 1,3 1,0 3,2 
2026-06-30 13:22:44.495 10 118362793
0,3 2,1 0,2 1,3 1,2 3,0 1,0 3,2 2,0 3,1 
2026-06-30 13:22:44.551 10 118456739
1,3 2,0 1,0 3,2 1,2 3,0 0,2 3,1 0,3 2,1 
2026-06-30 13:22:44.559 10 118470267
2,0 3,1 0,3 2,1 0,2 1,3 1,2 3,0 1,0 3,2 
2026-06-30 13:22:44.683 10 118676929
0,2 1,3 1,0 3,2 2,1 3,0 2,0 3,1 0,3 1,2 
2026-06-30 13:22:44.945 10 119115267
1,3 2,0 0,3 2,1 0,2 3,1 1,0 3,2 1,2 3,0 
2026-06-30 13:22:45.141 10 119441143
1,3 2,0 0,3 2,1 1,0 3,2 1,2 3,0 0,2 3,1 
2026-06-30 13:22:45.216 10 119567054
0,3 1,2 1,3 2,0 1,0 3,2 0,2 3,1 2,1 3,0 
2026-06-30 13:22:45.285 10 119682727
2,1 3,0 0,2 3,1 0,3 1,2 1,3 2,0 1,0 3,2 
2026-06-30 13:22:45.361 10 119809987
0,2 3,1 0,3 1,2 1,3 2,0 2,1 3,0 1,0 3,2 
2026-06-30 13:22:45.612 10 120228206
2,0 3,1 1,2 3,0 0,2 1,3 1,0 3,2 0,3 2,1 
2026-06-30 13:22:45.616 10 120235105
0,2 1,3 2,1 3,0 2,0 3,1 0,3 1,2 1,0 3,2 
2026-06-30 13:22:45.730 10 120425349
0,2 3,1 2,1 3,0 1,3 2,0 1,0 3,2 0,3 1,2 
2026-06-30 13:22:45.823 10 120580256
0,2 1,3 1,2 3,0 2,0 3,1 0,3 2,1 1,0 3,2 
2026-06-30 13:22:45.975 10 120833560
2,1 3,0 1,3 2,0 1,0 3,2 0,3 1,2 0,2 3,1 
2026-06-30 13:22:46.245 10 121282103
1,3 2,0 0,3 2,1 0,2 3,1 1,0 3,2 1,2 3,0 
2026-06-30 13:22:46.252 10 121294992
0,2 3,1 0,3 2,1 1,0 3,2 1,3 2,0 1,2 3,0 
2026-06-30 13:22:46.387 10 121518049
0,2 1,3 1,0 3,2 1,2 3,0 2,0 3,1 0,3 2,1 
2026-06-30 13:22:46.439 10 121604237
1,2 3,0 1,0 3,2 0,2 1,3 0,3 2,1 2,0 3,1 
2026-06-30 13:22:46.449 10 121620334
0,2 1,3 1,0 3,2 1,2 3,0 2,0 3,1 0,3 2,1 
2026-06-30 13:22:46.532 10 121758530
0,3 2,1 1,0 3,2 0,2 3,1 1,2 3,0 1,3 2,0 
2026-06-30 13:22:46.661 10 121973187
2,0 3,1 0,3 1,2 0,2 1,3 1,0 3,2 2,1 3,0 
2026-06-30 13:22:46.801 10 122206519
0,2 1,3 0,3 1,2 1,0 3,2 2,1 3,0 2,0 3,1 
2026-06-30 13:22:46.824 10 122243838
0,2 1,3 1,2 3,0 1,0 3,2 2,0 3,1 0,3 2,1 
2026-06-30 13:22:46.834 10 122260549
0,2 3,1 0,3 1,2 1,0 3,2 2,1 3,0 1,3 2,0 
2026-06-30 13:22:47.026 10 122580626
1,3 2,0 1,2 3,0 1,0 3,2 0,2 3,1 0,3 2,1 
2026-06-30 13:22:47.108 10 122717458
2,1 3,0 2,0 3,1 1,0 3,2 0,3 1,2 0,2 1,3 
2026-06-30 13:22:47.197 10 122865910
0,2 1,3 2,1 3,0 2,0 3,1 0,3 1,2 1,0 3,2 
2026-06-30 13:22:47.292 10 123022940
0,3 1,2 1,3 2,0 1,0 3,2 2,1 3,0 0,2 3,1 
2026-06-30 13:22:47.310 10 123053069
1,2 3,0 0,2 3,1 0,3 2,1 1,0 3,2 1,3 2,0 
2026-06-30 13:22:47.475 10 123327473
0,2 1,3 0,3 2,1 1,0 3,2 2,0 3,1 1,2 3,0 
2026-06-30 13:22:47.503 10 123374089
0,3 1,2 1,0 3,2 1,3 2,0 2,1 3,0 0,2 3,1 
2026-06-30 13:22:47.552 10 123454851
0,3 2,1 1,3 2,0 1,2 3,0 0,2 3,1 1,0 3,2 
2026-06-30 13:22:47.642 10 123603718
0,2 3,1 0,3 2,1 1,0 3,2 1,3 2,0 1,2 3,0 
2026-06-30 13:22:47.678 10 123663539
2,1 3,0 2,0 3,1 1,0 3,2 0,3 1,2 0,2 1,3 
2026-06-30 13:22:47.757 10 123793818
2,1 3,0 2,0 3,1 1,0 3,2 0,2 1,3 0,3 1,2 
2026-06-30 13:22:47.837 10 123926526
0,2 1,3 2,1 3,0 2,0 3,1 1,0 3,2 0,3 1,2 
2026-06-30 13:22:47.965 10 124137151
1,3 2,0 0,3 2,1 1,0 3,2 0,2 3,1 1,2 3,0 
2026-06-30 13:22:47.976 10 124155807
0,2 1,3 1,2 3,0 1,0 3,2 0,3 2,1 2,0 3,1 
2026-06-30 13:22:47.992 10 124182627
2,0 3,1 2,1 3,0 0,2 1,3 1,0 3,2 0,3 1,2 
2026-06-30 13:22:48.289 10 124673171
2,0 3,1 0,3 1,2 0,2 1,3 2,1 3,0 1,0 3,2 
2026-06-30 13:22:48.290 10 124675755
1,3 2,0 2,1 3,0 0,2 3,1 1,0 3,2 0,3 1,2 
2026-06-30 13:22:48.362 10 124794072
2,1 3,0 2,0 3,1 0,3 1,2 1,0 3,2 0,2 1,3 
2026-06-30 13:22:48.495 10 125014711
1,2 3,0 0,2 3,1 0,3 2,1 1,0 3,2 1,3 2,0 
2026-06-30 13:22:48.920 10 125718038
2,1 3,0 1,0 3,2 2,0 3,1 0,3 1,2 0,2 1,3 
2026-06-30 13:22:48.951 10 125769724
0,3 1,2 1,3 2,0 2,1 3,0 1,0 3,2 0,2 3,1 
2026-06-30 13:22:48.957 10 125778805
0,3 1,2 0,2 1,3 2,1 3,0 1,0 3,2 2,0 3,1 
2026-06-30 13:22:49.128 10 126062825
0,3 1,2 0,2 3,1 2,1 3,0 1,3 2,0 1,0 3,2 
2026-06-30 13:22:49.205 10 126189748
2,0 3,1 1,2 3,0 0,2 1,3 1,0 3,2 0,3 2,1 
2026-06-30 13:22:49.265 10 126288942
1,2 3,0 1,3 2,0 1,0 3,2 0,3 2,1 0,2 3,1 
2026-06-30 13:22:49.634 10 126896098
1,2 3,0 2,0 3,1 1,0 3,2 0,3 2,1 0,2 1,3 
2026-06-30 13:22:49.698 10 127001468
0,3 1,2 0,2 3,1 2,1 3,0 1,3 2,0 1,0 3,2 
2026-06-30 13:22:49.759 10 127102497
0,3 2,1 2,0 3,1 1,0 3,2 1,2 3,0 0,2 1,3 
2026-06-30 13:22:49.766 10 127112503
2,0 3,1 0,3 2,1 1,0 3,2 1,2 3,0 0,2 1,3 
2026-06-30 13:22:50.012 10 127517724
0,2 3,1 0,3 2,1 1,0 3,2 1,3 2,0 1,2 3,0 
2026-06-30 13:22:50.041 10 127565906
0,3 1,2 2,0 3,1 1,0 3,2 0,2 1,3 2,1 3,0 
2026-06-30 13:22:50.097 10 127659031
0,3 2,1 2,0 3,1 1,2 3,0 1,0 3,2 0,2 1,3 
2026-06-30 13:22:50.100 10 127662900
0,3 2,1 0,2 1,3 1,2 3,0 2,0 3,1 1,0 3,2 
2026-06-30 13:22:50.114 10 127685576
2,1 3,0 1,3 2,0 0,3 1,2 0,2 3,1 1,0 3,2 
2026-06-30 13:22:50.241 10 127895524
0,2 3,1 2,1 3,0 1,3 2,0 0,3 1,2 1,0 3,2 
2026-06-30 13:22:50.406 10 128169476
0,2 1,3 1,0 3,2 1,2 3,0 2,0 3,1 0,3 2,1 
2026-06-30 13:22:50.480 10 128290324
0,3 1,2 0,2 3,1 2,1 3,0 1,3 2,0 1,0 3,2 
2026-06-30 13:22:50.794 10 128809643
0,2 3,1 1,2 3,0 1,0 3,2 0,3 2,1 1,3 2,0 
2026-06-30 13:22:50.845 10 128893229
1,3 2,0 2,1 3,0 1,0 3,2 0,3 1,2 0,2 3,1 
2026-06-30 13:22:50.882 10 128955006
0,3 1,2 0,2 1,3 1,0 3,2 2,1 3,0 2,0 3,1 
2026-06-30 13:22:51.227 10 129528127
2,0 3,1 2,1 3,0 1,0 3,2 0,2 1,3 0,3 1,2 
2026-06-30 13:22:51.375 10 129774611
0,3 2,1 0,2 3,1 1,0 3,2 1,3 2,0 1,2 3,0 
2026-06-30 13:22:51.457 10 129911030
2,0 3,1 1,0 3,2 0,3 1,2 0,2 1,3 2,1 3,0 
2026-06-30 13:22:51.502 10 129987218
0,3 1,2 1,3 2,0 1,0 3,2 2,1 3,0 0,2 3,1 
2026-06-30 13:22:51.850 10 130566864
2,1 3,0 0,2 1,3 1,0 3,2 0,3 1,2 2,0 3,1 
2026-06-30 13:22:51.870 10 130598661
1,2 3,0 1,0 3,2 1,3 2,0 0,3 2,1 0,2 3,1 
2026-06-30 13:22:51.871 10 130601650
2,1 3,0 1,0 3,2 1,3 2,0 0,3 1,2 0,2 3,1 
2026-06-30 13:22:51.916 10 130675080
1,3 2,0 1,0 3,2 0,3 1,2 0,2 3,1 2,1 3,0 
2026-06-30 13:22:51.973 10 130770342
2,1 3,0 0,2 3,1 1,0 3,2 1,3 2,0 0,3 1,2 
2026-06-30 13:22:52.051 10 130899910
2,0 3,1 0,3 2,1 1,0 3,2 0,2 1,3 1,2 3,0 
2026-06-30 13:22:52.282 10 131284196
2,0 3,1 0,3 1,2 0,2 1,3 1,0 3,2 2,1 3,0 
2026-06-30 13:22:52.367 10 131426639
2,1 3,0 0,2 1,3 0,3 1,2 1,0 3,2 2,0 3,1 
2026-06-30 13:22:52.384 10 131454932
0,2 3,1 1,2 3,0 1,0 3,2 1,3 2,0 0,3 2,1 
2026-06-30 13:22:52.390 10 131464080
1,2 3,0 1,3 2,0 0,3 2,1 0,2 3,1 1,0 3,2 
2026-06-30 13:22:52.549 10 131728530
0,2 3,1 1,2 3,0 1,3 2,0 0,3 2,1 1,0 3,2 
2026-06-30 13:22:52.633 10 131868566
2,1 3,0 1,0 3,2 0,2 3,1 0,3 1,2 1,3 2,0 
2026-06-30 13:22:53.174 10 132767089
0,2 1,3 0,3 1,2 2,0 3,1 2,1 3,0 1,0 3,2 
2026-06-30 13:22:53.591 10 133463233
2,0 3,1 0,3 1,2 0,2 1,3 1,0 3,2 2,1 3,0 
2026-06-30 13:22:53.745 10 133720857
0,3 2,1 0,2 3,1 1,2 3,0 1,3 2,0 1,0 3,2 
2026-06-30 13:22:53.794 10 133803097
2,1 3,0 0,2 3,1 1,0 3,2 0,3 1,2 1,3 2,0 
2026-06-30 13:22:53.895 10 133970773
1,3 2,0 0,3 2,1 1,0 3,2 1,2 3,0 0,2 3,1 
2026-06-30 13:22:53.918 10 134010349
2,1 3,0 0,2 1,3 1,0 3,2 2,0 3,1 0,3 1,2 
2026-06-30 13:22:53.963 10 134084383
2,0 3,1 1,0 3,2 0,3 2,1 0,2 1,3 1,2 3,0 
2026-06-30 13:22:54.394 10 134805089
1,3 2,0 1,0 3,2 2,1 3,0 0,2 3,1 0,3 1,2 
2026-06-30 13:22:54.439 10 134879562
2,1 3,0 1,3 2,0 0,3 1,2 0,2 3,1 1,0 3,2 
2026-06-30 13:22:54.482 10 134950557
0,3 1,2 0,2 3,1 2,1 3,0 1,3 2,0 1,0 3,2 
2026-06-30 13:22:54.819 10 135516005
0,2 3,1 0,3 2,1 1,3 2,0 1,0 3,2 1,2 3,0 
2026-06-30 13:22:54.922 10 135686690
0,3 1,2 1,3 2,0 2,1 3,0 0,2 3,1 1,0 3,2 
2026-06-30 13:22:54.930 10 135699902
1,2 3,0 0,2 3,1 0,3 2,1 1,0 3,2 1,3 2,0 
2026-06-30 13:22:55.004 10 135824591
2,1 3,0 0,2 1,3 0,3 1,2 2,0 3,1 1,0 3,2 
2026-06-30 13:22:55.026 10 135859752
2,0 3,1 1,2 3,0 1,0 3,2 0,3 2,1 0,2 1,3 
2026-06-30 13:22:55.044 10 135890241
2,1 3,0 1,0 3,2 1,3 2,0 0,3 1,2 0,2 3,1 
2026-06-30 13:22:55.207 10 136162679
1,2 3,0 1,3 2,0 1,0 3,2 0,3 2,1 0,2 3,1 
2026-06-30 13:22:55.354 10 136408317
0,2 3,1 0,3 1,2 1,0 3,2 1,3 2,0 2,1 3,0 
2026-06-30 13:22:55.372 10 136437634
0,3 2,1 2,0 3,1 1,0 3,2 1,2 3,0 0,2 1,3 
2026-06-30 13:22:55.578 10 136781531
0,2 1,3 1,2 3,0 1,0 3,2 0,3 2,1 2,0 3,1 
2026-06-30 13:22:55.729 10 137034753
1,3 2,0 0,3 1,2 0,2 3,1 1,0 3,2 2,1 3,0 
2026-06-30 13:22:55.922 10 137356765
2,0 3,1 1,2 3,0 1,0 3,2 0,3 2,1 0,2 1,3 
2026-06-30 13:22:56.042 10 137556657
0,2 1,3 1,0 3,2 2,1 3,0 2,0 3,1 0,3 1,2 
2026-06-30 13:22:56.266 10 137928392
0,2 1,3 2,1 3,0 1,0 3,2 0,3 1,2 2,0 3,1 
2026-06-30 13:22:56.382 10 138120571
1,2 3,0 0,2 1,3 0,3 2,1 2,0 3,1 1,0 3,2 
2026-06-30 13:22:56.433 10 138205501
0,3 1,2 1,3 2,0 1,0 3,2 0,2 3,1 2,1 3,0 
2026-06-30 13:22:56.612 10 138504238
2,1 3,0 0,2 1,3 1,0 3,2 0,3 1,2 2,0 3,1 
2026-06-30 13:22:56.763 10 138756914
0,3 1,2 0,2 3,1 1,0 3,2 1,3 2,0 2,1 3,0 
2026-06-30 13:22:56.778 10 138781786
0,2 1,3 2,1 3,0 1,0 3,2 0,3 1,2 2,0 3,1 
2026-06-30 13:22:56.889 10 138965968
2,1 3,0 0,2 1,3 0,3 1,2 2,0 3,1 1,0 3,2 
2026-06-30 13:22:56.957 10 139078759
1,3 2,0 1,0 3,2 0,3 1,2 0,2 3,1 2,1 3,0 
2026-06-30 13:22:57.294 10 139641893
1,2 3,0 1,3 2,0 0,3 2,1 1,0 3,2 0,2 3,1 
2026-06-30 13:22:57.561 10 140086654
0,3 1,2 1,3 2,0 1,0 3,2 2,1 3,0 0,2 3,1 
2026-06-30 13:22:57.585 10 140126423
1,2 3,0 1,3 2,0 1,0 3,2 0,3 2,1 0,2 3,1 
2026-06-30 13:22:57.665 10 140259088
0,3 1,2 1,0 3,2 0,2 3,1 2,1 3,0 1,3 2,0 
2026-06-30 13:22:57.755 10 140408066
0,2 3,1 0,3 2,1 1,3 2,0 1,0 3,2 1,2 3,0 
2026-06-30 13:22:57.771 10 140434899
0,2 1,3 0,3 1,2 2,0 3,1 2,1 3,0 1,0 3,2 
2026-06-30 13:22:58.084 10 140957069
0,3 1,2 0,2 1,3 1,0 3,2 2,0 3,1 2,1 3,0 
2026-06-30 13:22:58.292 10 141304563
0,2 1,3 1,2 3,0 1,0 3,2 0,3 2,1 2,0 3,1 
2026-06-30 13:22:58.353 10 141406422
1,2 3,0 2,0 3,1 0,3 2,1 1,0 3,2 0,2 1,3 
2026-06-30 13:22:58.575 10 141778539
1,2 3,0 2,0 3,1 1,0 3,2 0,3 2,1 0,2 1,3 
2026-06-30 13:22:58.688 10 141966726
1,2 3,0 1,0 3,2 2,0 3,1 0,3 2,1 0,2 1,3 
2026-06-30 13:22:58.800 10 142153344
0,3 2,1 1,0 3,2 2,0 3,1 1,2 3,0 0,2 1,3 
2026-06-30 13:22:58.976 10 142447169
0,3 1,2 2,0 3,1 1,0 3,2 2,1 3,0 0,2 1,3 
2026-06-30 13:22:59.266 10 142932419
1,2 3,0 0,2 3,1 1,0 3,2 1,3 2,0 0,3 2,1 
2026-06-30 13:22:59.277 10 142951529
0,3 2,1 1,3 2,0 1,0 3,2 1,2 3,0 0,2 3,1 
2026-06-30 13:22:59.471 10 143275314
2,1 3,0 0,2 3,1 0,3 1,2 1,0 3,2 1,3 2,0 
2026-06-30 13:22:59.567 10 143436799
0,2 3,1 1,0 3,2 1,2 3,0 1,3 2,0 0,3 2,1 
2026-06-30 13:22:59.837 10 143887871
1,3 2,0 1,0 3,2 0,3 1,2 0,2 3,1 2,1 3,0 
2026-06-30 13:22:59.892 10 143978730
0,2 1,3 0,3 2,1 1,0 3,2 1,2 3,0 2,0 3,1 
2026-06-30 13:23:00.024 10 144199370
0,2 1,3 0,3 1,2 1,0 3,2 2,1 3,0 2,0 3,1 
2026-06-30 13:23:00.091 10 144310258
2,0 3,1 2,1 3,0 1,0 3,2 0,3 1,2 0,2 1,3 
2026-06-30 13:23:00.336 10 144719938
0,2 3,1 0,3 2,1 1,0 3,2 1,2 3,0 1,3 2,0 
2026-06-30 13:23:00.428 10 144872294
1,3 2,0 0,3 2,1 1,0 3,2 1,2 3,0 0,2 3,1 
2026-06-30 13:23:00.551 10 145077309
0,2 1,3 1,0 3,2 2,1 3,0 2,0 3,1 0,3 1,2 
2026-06-30 13:23:00.595 10 145151052
0,3 2,1 0,2 3,1 1,0 3,2 1,3 2,0 1,2 3,0 
2026-06-30 13:23:01.057 10 145921966
0,2 3,1 2,1 3,0 1,3 2,0 1,0 3,2 0,3 1,2 
2026-06-30 13:23:01.211 10 146180406
0,3 2,1 1,3 2,0 1,0 3,2 1,2 3,0 0,2 3,1 
2026-06-30 13:23:01.282 10 146298951
0,2 3,1 0,3 1,2 1,3 2,0 2,1 3,0 1,0 3,2 
2026-06-30 13:23:01.629 10 146878405
0,3 1,2 0,2 1,3 1,0 3,2 2,1 3,0 2,0 3,1 
2026-06-30 13:23:01.942 10 147401107
2,0 3,1 0,3 1,2 0,2 1,3 2,1 3,0 1,0 3,2 
2026-06-30 13:23:02.090 10 147647697
2,1 3,0 0,2 3,1 0,3 1,2 1,0 3,2 1,3 2,0 
2026-06-30 13:23:02.193 10 147819764
1,2 3,0 0,2 3,1 0,3 2,1 1,0 3,2 1,3 2,0 
2026-06-30 13:23:02.196 10 147824036
2,1 3,0 1,3 2,0 0,3 1,2 0,2 3,1 1,0 3,2 
2026-06-30 13:23:02.310 10 148014699
1,3 2,0 0,3 1,2 0,2 3,1 1,0 3,2 2,1 3,0 
2026-06-30 13:23:02.331 10 148050318
1,3 2,0 1,2 3,0 0,2 3,1 1,0 3,2 0,3 2,1 
2026-06-30 13:23:02.436 10 148226523
1,2 3,0 1,3 2,0 0,3 2,1 0,2 3,1 1,0 3,2 
2026-06-30 13:23:02.508 10 148346298
0,3 1,2 0,2 1,3 1,0 3,2 2,0 3,1 2,1 3,0 
2026-06-30 13:23:02.601 10 148501097
2,1 3,0 2,0 3,1 0,3 1,2 0,2 1,3 1,0 3,2 
2026-06-30 13:23:02.620 10 148533322
2,1 3,0 0,2 3,1 0,3 1,2 1,3 2,0 1,0 3,2 
2026-06-30 13:23:02.834 10 148892004
0,3 2,1 0,2 1,3 1,2 3,0 2,0 3,1 1,0 3,2 
2026-06-30 13:23:02.894 10 148990627
0,2 3,1 0,3 1,2 1,3 2,0 2,1 3,0 1,0 3,2 
2026-06-30 13:23:03.001 10 149170662
2,1 3,0 0,2 3,1 1,0 3,2 0,3 1,2 1,3 2,0 
2026-06-30 13:23:03.019 10 149200547
0,2 1,3 1,0 3,2 0,3 1,2 2,0 3,1 2,1 3,0 
2026-06-30 13:23:03.320 10 149703485
1,3 2,0 1,0 3,2 1,2 3,0 0,2 3,1 0,3 2,1 
2026-06-30 13:23:03.384 10 149809480
0,3 2,1 2,0 3,1 1,2 3,0 1,0 3,2 0,2 1,3 
2026-06-30 13:23:03.437 10 149898357
2,1 3,0 0,2 1,3 1,0 3,2 2,0 3,1 0,3 1,2 
2026-06-30 13:23:03.547 10 150081771
1,2 3,0 0,2 1,3 0,3 2,1 1,0 3,2 2,0 3,1 
2026-06-30 13:23:03.585 10 150145268
0,3 2,1 1,3 2,0 1,0 3,2 1,2 3,0 0,2 3,1 
2026-06-30 13:23:03.657 10 150265982
0,3 1,2 1,3 2,0 1,0 3,2 0,2 3,1 2,1 3,0 
2026-06-30 13:23:03.725 10 150379257
1,3 2,0 1,0 3,2 1,2 3,0 0,2 3,1 0,3 2,1 
2026-06-30 13:23:03.889 10 150653464
2,1 3,0 1,3 2,0 0,3 1,2 1,0 3,2 0,2 3,1 
2026-06-30 13:23:04.013 10 150860164
0,3 1,2 0,2 3,1 2,1 3,0 1,0 3,2 1,3 2,0 
2026-06-30 13:23:04.069 10 150953166
0,2 1,3 1,2 3,0 1,0 3,2 2,0 3,1 0,3 2,1 
2026-06-30 13:23:04.116 10 151031959
2,1 3,0 0,2 1,3 1,0 3,2 0,3 1,2 2,0 3,1 
2026-06-30 13:23:04.540 10 151741190
0,2 3,1 0,3 2,1 1,3 2,0 1,2 3,0 1,0 3,2 
2026-06-30 13:23:04.694 10 152000116
0,3 1,2 0,2 1,3 1,0 3,2 2,0 3,1 2,1 3,0 
2026-06-30 13:23:04.736 10 152067916
2,1 3,0 1,3 2,0 0,3 1,2 0,2 3,1 1,0 3,2 
2026-06-30 13:23:05.234 10 152901968
0,3 2,1 1,0 3,2 0,2 3,1 1,2 3,0 1,3 2,0 
2026-06-30 13:23:05.282 10 152980902
0,3 2,1 0,2 3,1 1,0 3,2 1,2 3,0 1,3 2,0 
2026-06-30 13:23:05.321 10 153046126
0,3 2,1 2,0 3,1 1,0 3,2 1,2 3,0 0,2 1,3 
2026-06-30 13:23:05.383 10 153149630
2,0 3,1 1,0 3,2 2,1 3,0 0,2 1,3 0,3 1,2 
2026-06-30 13:23:05.605 10 153518336
0,3 1,2 2,0 3,1 1,0 3,2 0,2 1,3 2,1 3,0 
2026-06-30 13:23:05.658 10 153607174
2,1 3,0 0,2 3,1 0,3 1,2 1,0 3,2 1,3 2,0 
2026-06-30 13:23:05.675 10 153634580
2,0 3,1 0,3 2,1 0,2 1,3 1,0 3,2 1,2 3,0 
2026-06-30 13:23:06.005 10 154185255
2,1 3,0 2,0 3,1 1,0 3,2 0,3 1,2 0,2 1,3 
2026-06-30 13:23:06.057 10 154271680
0,2 3,1 0,3 1,2 1,0 3,2 1,3 2,0 2,1 3,0 
2026-06-30 13:23:06.095 10 154335605
2,0 3,1 2,1 3,0 1,0 3,2 0,3 1,2 0,2 1,3 
2026-06-30 13:23:06.117 10 154372588
1,3 2,0 0,3 2,1 0,2 3,1 1,2 3,0 1,0 3,2 
2026-06-30 13:23:06.146 10 154419961
1,2 3,0 1,0 3,2 0,2 1,3 0,3 2,1 2,0 3,1 
2026-06-30 13:23:06.379 10 154809073
2,1 3,0 0,2 1,3 1,0 3,2 0,3 1,2 2,0 3,1 
2026-06-30 13:23:06.471 10 154961886
0,3 1,2 1,3 2,0 1,0 3,2 0,2 3,1 2,1 3,0 
2026-06-30 13:23:06.555 10 155102420
0,3 1,2 1,0 3,2 1,3 2,0 2,1 3,0 0,2 3,1 
2026-06-30 13:23:06.558 10 155106701
2,1 3,0 2,0 3,1 1,0 3,2 0,2 1,3 0,3 1,2 
2026-06-30 13:23:07.029 10 155895002
0,3 1,2 1,0 3,2 0,2 1,3 2,1 3,0 2,0 3,1 
2026-06-30 13:23:07.079 10 155977329
2,0 3,1 2,1 3,0 0,2 1,3 0,3 1,2 1,0 3,2 
2026-06-30 13:23:07.195 10 156171320
2,0 3,1 0,3 1,2 0,2 1,3 2,1 3,0 1,0 3,2 
2026-06-30 13:23:07.205 10 156188460
1,2 3,0 1,3 2,0 0,3 2,1 1,0 3,2 0,2 3,1 
2026-06-30 13:23:07.226 10 156221954
0,2 3,1 0,3 1,2 1,0 3,2 1,3 2,0 2,1 3,0 
2026-06-30 13:23:07.296 10 156339482
1,2 3,0 1,3 2,0 0,3 2,1 1,0 3,2 0,2 3,1 
2026-06-30 13:23:07.486 10 156655955
1,2 3,0 1,0 3,2 1,3 2,0 0,3 2,1 0,2 3,1 
2026-06-30 13:23:07.660 10 156947668
2,0 3,1 0,3 2,1 0,2 1,3 1,0 3,2 1,2 3,0 
2026-06-30 13:23:08.065 10 157622633
2,1 3,0 1,0 3,2 0,2 1,3 0,3 1,2 2,0 3,1 
2026-06-30 13:23:08.236 10 157908329
0,2 1,3 0,3 2,1 2,0 3,1 1,2 3,0 1,0 3,2 
2026-06-30 13:23:08.643 10 158587453
0,3 1,2 1,0 3,2 2,0 3,1 2,1 3,0 0,2 1,3 
2026-06-30 13:23:08.741 10 158751732
1,2 3,0 2,0 3,1 0,3 2,1 0,2 1,3 1,0 3,2 
2026-06-30 13:23:09.144 10 159423926
2,0 3,1 0,3 1,2 0,2 1,3 2,1 3,0 1,0 3,2 
2026-06-30 13:23:09.173 10 159471499
1,2 3,0 1,0 3,2 2,0 3,1 0,3 2,1 0,2 1,3 
2026-06-30 13:23:09.316 10 159709814
0,3 1,2 1,3 2,0 1,0 3,2 0,2 3,1 2,1 3,0 
2026-06-30 13:23:09.394 10 159839685
0,3 2,1 0,2 1,3 1,2 3,0 2,0 3,1 1,0 3,2 
2026-06-30 13:23:09.410 10 159865506
0,3 2,1 1,0 3,2 1,3 2,0 1,2 3,0 0,2 3,1 
2026-06-30 13:23:09.609 10 160195466
2,0 3,1 1,0 3,2 2,1 3,0 0,2 1,3 0,3 1,2 
2026-06-30 13:23:09.878 10 160638190
1,3 2,0 1,2 3,0 1,0 3,2 0,2 3,1 0,3 2,1 
2026-06-30 13:23:09.909 10 160689085
0,2 1,3 1,0 3,2 2,1 3,0 2,0 3,1 0,3 1,2 
2026-06-30 13:23:09.918 10 160703901
0,3 2,1 2,0 3,1 1,2 3,0 1,0 3,2 0,2 1,3 
2026-06-30 13:23:09.948 10 160753580
2,0 3,1 2,1 3,0 1,0 3,2 0,2 1,3 0,3 1,2 
2026-06-30 13:23:10.002 10 160843585
0,2 1,3 1,0 3,2 1,2 3,0 2,0 3,1 0,3 2,1 
