2026-06-30 13:21:33.256
2026-06-30 13:21:33.591 10 560276
0,3 1,2 0,2 3,1 1,0 3,2 2,1 3,0 1,3 2,0 
2026-06-30 13:21:34.164 10 1530745
2,1 3,0 0,2 3,1 0,3 1,2 1,3 2,0 1,0 3,2 
2026-06-30 13:21:34.203 10 1595233
2,0 3,1 2,1 3,0 0,2 1,3 0,3 1,2 1,0 3,2 
2026-06-30 13:21:34.727 10 2478718
0,3 2,1 0,2 3,1 1,0 3,2 1,3 2,0 1,2 3,0 
2026-06-30 13:21:34.744 10 2508179
1,2 3,0 1,0 3,2 0,2 3,1 0,3 2,1 1,3 2,0 
2026-06-30 13:21:34.866 10 2712675
0,3 2,1 2,0 3,1 1,0 3,2 0,2 1,3 1,2 3,0 
2026-06-30 13:21:34.916 10 2796812
2,1 3,0 2,0 3,1 0,3 1,2 0,2 1,3 1,0 3,2 
2026-06-30 13:21:34.986 10 2913950
0,3 2,1 0,2 1,3 1,0 3,2 1,2 3,0 2,0 3,1 
2026-06-30 13:21:35.012 10 2957784
0,2 3,1 2,1 3,0 1,0 3,2 0,3 1,2 1,3 2,0 
2026-06-30 13:21:35.135 10 3164696
2,0 3,1 1,0 3,2 2,1 3,0 0,2 1,3 0,3 1,2 
2026-06-30 13:21:35.432 10 3663648
0,2 1,3 1,0 3,2 0,3 1,2 2,0 3,1 2,1 3,0 
2026-06-30 13:21:35.526 10 3821802
2,0 3,1 2,1 3,0 0,2 1,3 0,3 1,2 1,0 3,2 
2026-06-30 13:21:35.596 10 3939234
0,2 1,3 1,0 3,2 1,2 3,0 2,0 3,1 0,3 2,1 
2026-06-30 13:21:35.613 10 3967643
1,2 3,0 1,3 2,0 1,0 3,2 0,2 3,1 0,3 2,1 
2026-06-30 13:21:35.784 10 4257294
2,1 3,0 1,3 2,0 0,3 1,2 0,2 3,1 1,0 3,2 
2026-06-30 13:21:35.918 10 4482781
0,2 1,3 2,1 3,0 2,0 3,1 0,3 1,2 1,0 3,2 
2026-06-30 13:21:35.942 10 4524269
0,3 1,2 0,2 1,3 1,0 3,2 2,0 3,1 2,1 3,0 
2026-06-30 13:21:36.202 10 4959747
0,2 3,1 1,0 3,2 1,2 3,0 1,3 2,0 0,3 2,1 
2026-06-30 13:21:36.295 10 5117046
2,1 3,0 0,2 3,1 0,3 1,2 1,3 2,0 1,0 3,2 
2026-06-30 13:21:36.394 10 5284969
1,2 3,0 1,0 3,2 1,3 2,0 0,3 2,1 0,2 3,1 
2026-06-30 13:21:36.470 10 5413020
0,3 2,1 0,2 1,3 1,2 3,0 1,0 3,2 2,0 3,1 
2026-06-30 13:21:36.527 10 5509514
0,2 3,1 1,2 3,0 1,0 3,2 0,3 2,1 1,3 2,0 
2026-06-30 13:21:36.582 10 5602390
2,1 3,0 0,2 3,1 0,3 1,2 1,0 3,2 1,3 2,0 
2026-06-30 13:21:36.682 10 5770947
2,0 3,1 1,2 3,0 0,2 1,3 1,0 3,2 0,3 2,1 
2026-06-30 13:21:36.767 10 5914868
1,3 2,0 2,1 3,0 1,0 3,2 0,3 1,2 0,2 3,1 
2026-06-30 13:21:36.798 10 5966428
0,2 1,3 2,1 3,0 2,0 3,1 0,3 1,2 1,0 3,2 
2026-06-30 13:21:36.900 10 6140620
2,0 3,1 2,1 3,0 1,0 3,2 0,3 1,2 0,2 1,3 
2026-06-30 13:21:37.222 10 6683541
2,0 3,1 0,3 1,2 1,0 3,2 2,1 3,0 0,2 1,3 
2026-06-30 13:21:37.532 10 7207869
1,2 3,0 0,2 1,3 1,0 3,2 0,3 2,1 2,0 3,1 
2026-06-30 13:21:37.720 10 7524245
0,3 1,2 2,0 3,1 2,1 3,0 0,2 1,3 1,0 3,2 
2026-06-30 13:21:37.777 10 7618653
1,3 2,0 1,0 3,2 0,3 2,1 0,2 3,1 1,2 3,0 
2026-06-30 13:21:37.848 10 7739086
0,3 1,2 1,3 2,0 2,1 3,0 1,0 3,2 0,2 3,1 
2026-06-30 13:21:38.119 10 8193865
0,3 2,1 1,0 3,2 2,0 3,1 1,2 3,0 0,2 1,3 
2026-06-30 13:21:38.240 10 8397233
0,2 1,3 0,3 2,1 1,0 3,2 2,0 3,1 1,2 3,0 
2026-06-30 13:21:38.515 10 8861565
2,0 3,1 1,0 3,2 1,2 3,0 0,2 1,3 0,3 2,1 
2026-06-30 13:21:38.640 10 9072955
0,2 3,1 0,3 1,2 1,0 3,2 1,3 2,0 2,1 3,0 
2026-06-30 13:21:38.810 10 9360016
0,2 3,1 2,1 3,0 1,0 3,2 1,3 2,0 0,3 1,2 
2026-06-30 13:21:38.823 10 9381346
1,3 2,0 2,1 3,0 0,2 3,1 0,3 1,2 1,0 3,2 
2026-06-30 13:21:38.878 10 9474805
1,3 2,0 0,3 1,2 0,2 3,1 2,1 3,0 1,0 3,2 
2026-06-30 13:21:38.959 10 9610493
0,2 3,1 2,1 3,0 1,0 3,2 0,3 1,2 1,3 2,0 
2026-06-30 13:21:39.045 10 9755583
1,2 3,0 0,2 1,3 1,0 3,2 0,3 2,1 2,0 3,1 
2026-06-30 13:21:39.051 10 9764215
2,0 3,1 1,2 3,0 1,0 3,2 0,3 2,1 0,2 1,3 
2026-06-30 13:21:39.315 10 10210493
0,2 3,1 0,3 1,2 1,3 2,0 1,0 3,2 2,1 3,0 
2026-06-30 13:21:39.364 10 10293314
1,2 3,0 2,0 3,1 0,3 2,1 1,0 3,2 0,2 1,3 
2026-06-30 13:21:39.430 10 10405137
2,0 3,1 0,3 1,2 1,0 3,2 0,2 1,3 2,1 3,0 
2026-06-30 13:21:39.494 10 10512993
2,1 3,0 1,0 3,2 0,2 3,1 0,3 1,2 1,3 2,0 
2026-06-30 13:21:39.556 10 10617166
0,2 1,3 1,2 3,0 1,0 3,2 2,0 3,1 0,3 2,1 
2026-06-30 13:21:39.578 10 10654242
0,3 1,2 0,2 1,3 2,1 3,0 1,0 3,2 2,0 3,1 
2026-06-30 13:21:39.814 10 11053452
0,3 1,2 1,3 2,0 1,0 3,2 2,1 3,0 0,2 3,1 
2026-06-30 13:21:39.870 10 11148834
0,3 1,2 2,0 3,1 1,0 3,2 2,1 3,0 0,2 1,3 
2026-06-30 13:21:40.184 10 11677879
1,2 3,0 0,2 3,1 1,0 3,2 1,3 2,0 0,3 2,1 
2026-06-30 13:21:40.366 10 11984080
0,2 3,1 1,2 3,0 1,0 3,2 1,3 2,0 0,3 2,1 
2026-06-30 13:21:40.431 10 12093007
0,3 2,1 2,0 3,1 1,0 3,2 0,2 1,3 1,2 3,0 
2026-06-30 13:21:40.445 10 12117709
1,3 2,0 1,2 3,0 1,0 3,2 0,2 3,1 0,3 2,1 
2026-06-30 13:21:40.564 10 12309134
0,2 1,3 0,3 2,1 2,0 3,1 1,0 3,2 1,2 3,0 
2026-06-30 13:21:40.656 10 12462013
2,0 3,1 1,0 3,2 0,3 1,2 0,2 1,3 2,1 3,0 
2026-06-30 13:21:40.839 10 12772074
2,0 3,1 1,0 3,2 1,2 3,0 0,2 1,3 0,3 2,1 
2026-06-30 13:21:40.992 10 13030437
2,1 3,0 0,2 1,3 1,0 3,2 2,0 3,1 0,3 1,2 
2026-06-30 13:21:41.013 10 13066140
2,0 3,1 1,2 3,0 0,2 1,3 1,0 3,2 0,3 2,1 
2026-06-30 13:21:41.050 10 13129077
0,2 1,3 0,3 1,2 2,0 3,1 1,0 3,2 2,1 3,0 
2026-06-30 13:21:41.092 10 13198516
0,3 2,1 1,0 3,2 0,2 3,1 1,2 3,0 1,3 2,0 
2026-06-30 13:21:41.159 10 13312189
2,1 3,0 0,2 3,1 0,3 1,2 1,3 2,0 1,0 3,2 
2026-06-30 13:21:41.308 10 13562802
0,2 1,3 2,1 3,0 2,0 3,1 1,0 3,2 0,3 1,2 
2026-06-30 13:21:41.392 10 13704499
0,2 3,1 2,1 3,0 1,0 3,2 1,3 2,0 0,3 1,2 
2026-06-30 13:21:41.438 10 13783224
2,0 3,1 2,1 3,0 1,0 3,2 0,3 1,2 0,2 1,3 
2026-06-30 13:21:41.518 10 13916659
0,2 3,1 0,3 2,1 1,0 3,2 1,3 2,0 1,2 3,0 
2026-06-30 13:21:41.547 10 13965901
0,3 2,1 2,0 3,1 1,2 3,0 1,0 3,2 0,2 1,3 
2026-06-30 13:21:41.615 10 14081189
0,3 2,1 1,0 3,2 0,2 1,3 1,2 3,0 2,0 3,1 
2026-06-30 13:21:41.701 10 14225229
0,2 1,3 1,2 3,0 1,0 3,2 2,0 3,1 0,3 2,1 
2026-06-30 13:21:41.783 10 14362832
0,2 1,3 0,3 1,2 2,0 3,1 1,0 3,2 2,1 3,0 
2026-06-30 13:21:41.851 10 14478407
1,3 2,0 0,3 1,2 0,2 3,1 1,0 3,2 2,1 3,0 
2026-06-30 13:21:41.989 10 14710421
0,2 3,1 1,2 3,0 1,0 3,2 1,3 2,0 0,3 2,1 
2026-06-30 13:21:42.209 10 15082599
0,2 1,3 0,3 1,2 1,0 3,2 2,0 3,1 2,1 3,0 
2026-06-30 13:21:42.333 10 15292354
0,2 3,1 1,0 3,2 1,2 3,0 1,3 2,0 0,3 2,1 
2026-06-30 13:21:42.343 10 15310451
1,3 2,0 0,3 1,2 0,2 3,1 1,0 3,2 2,1 3,0 
2026-06-30 13:21:42.351 10 15322938
0,2 1,3 1,2 3,0 2,0 3,1 1,0 3,2 0,3 2,1 
2026-06-30 13:21:42.478 10 15536784
0,2 1,3 1,2 3,0 2,0 3,1 0,3 2,1 1,0 3,2 
2026-06-30 13:21:42.653 10 15834286
0,2 3,1 0,3 1,2 1,3 2,0 1,0 3,2 2,1 3,0 
2026-06-30 13:21:42.873 10 16205332
0,2 3,1 0,3 1,2 1,0 3,2 1,3 2,0 2,1 3,0 
2026-06-30 13:21:42.904 10 16258069
0,2 1,3 0,3 1,2 2,0 3,1 1,0 3,2 2,1 3,0 
2026-06-30 13:21:42.961 10 16352828
0,3 2,1 0,2 1,3 1,2 3,0 1,0 3,2 2,0 3,1 
2026-06-30 13:21:43.080 10 16553345
2,1 3,0 1,3 2,0 1,0 3,2 0,3 1,2 0,2 3,1 
2026-06-30 13:21:43.281 10 16892553
2,0 3,1 1,0 3,2 0,3 2,1 0,2 1,3 1,2 3,0 
2026-06-30 13:21:43.460 10 17195961
1,2 3,0 1,3 2,0 0,3 2,1 1,0 3,2 0,2 3,1 
2026-06-30 13:21:43.495 10 17255789
0,2 1,3 0,3 1,2 1,0 3,2 2,0 3,1 2,1 3,0 
2026-06-30 13:21:43.595 10 17424205
0,2 3,1 0,3 2,1 1,3 2,0 1,0 3,2 1,2 3,0 
2026-06-30 13:21:43.781 10 17738702
2,1 3,0 0,2 3,1 1,0 3,2 0,3 1,2 1,3 2,0 
2026-06-30 13:21:43.806 10 17780885
1,2 3,0 2,0 3,1 1,0 3,2 0,2 1,3 0,3 2,1 
2026-06-30 13:21:43.888 10 17918670
1,2 3,0 1,0 3,2 0,2 1,3 0,3 2,1 2,0 3,1 
2026-06-30 13:21:44.004 10 18115868
0,3 1,2 1,0 3,2 0,2 1,3 2,1 3,0 2,0 3,1 
2026-06-30 13:21:44.102 10 18279835
2,1 3,0 1,0 3,2 0,2 1,3 0,3 1,2 2,0 3,1 
2026-06-30 13:21:44.158 10 18373192
0,2 3,1 0,3 2,1 1,3 2,0 1,2 3,0 1,0 3,2 
2026-06-30 13:21:44.175 10 18402935
0,3 1,2 0,2 1,3 2,1 3,0 1,0 3,2 2,0 3,1 
2026-06-30 13:21:44.299 10 18610199
0,3 1,2 2,0 3,1 1,0 3,2 0,2 1,3 2,1 3,0 
2026-06-30 13:21:44.314 10 18635545
1,3 2,0 1,0 3,2 0,3 1,2 0,2 3,1 2,1 3,0 
2026-06-30 13:21:44.326 10 18655781
2,0 3,1 1,0 3,2 2,1 3,0 0,2 1,3 0,3 1,2 
2026-06-30 13:21:45.038 10 19859105
2,0 3,1 2,1 3,0 0,2 1,3 1,0 3,2 0,3 1,2 
2026-06-30 13:21:45.164 10 20069302
0,2 1,3 1,2 3,0 2,0 3,1 1,0 3,2 0,3 2,1 
2026-06-30 13:21:45.203 10 20134477
0,3 1,2 1,0 3,2 0,2 1,3 2,1 3,0 2,0 3,1 
2026-06-30 13:21:45.359 10 20397083
0,2 1,3 2,1 3,0 2,0 3,1 1,0 3,2 0,3 1,2 
2026-06-30 13:21:45.521 10 20670502
0,2 3,1 2,1 3,0 1,3 2,0 0,3 1,2 1,0 3,2 
2026-06-30 13:21:45.559 10 20735289
2,1 3,0 2,0 3,1 1,0 3,2 0,2 1,3 0,3 1,2 
2026-06-30 13:21:45.594 10 20794241
0,3 1,2 2,0 3,1 2,1 3,0 1,0 3,2 0,2 1,3 
2026-06-30 13:21:45.919 10 21345719
2,1 3,0 2,0 3,1 0,3 1,2 0,2 1,3 1,0 3,2 
2026-06-30 13:21:45.960 10 21414122
0,2 3,1 2,1 3,0 1,3 2,0 1,0 3,2 0,3 1,2 
2026-06-30 13:21:46.044 10 21557717
2,0 3,1 0,3 1,2 1,0 3,2 2,1 3,0 0,2 1,3 
2026-06-30 13:21:46.073 10 21606316
0,3 2,1 0,2 3,1 1,2 3,0 1,3 2,0 1,0 3,2 
2026-06-30 13:21:46.139 10 21717840
0,3 1,2 1,3 2,0 1,0 3,2 2,1 3,0 0,2 3,1 
2026-06-30 13:21:46.223 10 21858858
0,3 2,1 2,0 3,1 1,2 3,0 0,2 1,3 1,0 3,2 
2026-06-30 13:21:46.246 10 21896956
0,3 1,2 2,0 3,1 2,1 3,0 0,2 1,3 1,0 3,2 
2026-06-30 13:21:46.953 10 23090699
0,3 2,1 1,3 2,0 1,2 3,0 1,0 3,2 0,2 3,1 
2026-06-30 13:21:47.012 10 23189370
2,1 3,0 0,2 1,3 0,3 1,2 1,0 3,2 2,0 3,1 
2026-06-30 13:21:47.083 10 23309069
0,3 2,1 0,2 3,1 1,2 3,0 1,0 3,2 1,3 2,0 
2026-06-30 13:21:47.164 10 23445686
2,1 3,0 0,2 1,3 1,0 3,2 0,3 1,2 2,0 3,1 
2026-06-30 13:21:47.277 10 23637365
2,0 3,1 0,3 1,2 0,2 1,3 1,0 3,2 2,1 3,0 
2026-06-30 13:21:47.375 10 23802097
0,2 3,1 1,2 3,0 1,0 3,2 0,3 2,1 1,3 2,0 
2026-06-30 13:21:47.405 10 23852344
2,1 3,0 0,2 3,1 0,3 1,2 1,3 2,0 1,0 3,2 
2026-06-30 13:21:47.439 10 23909485
2,0 3,1 0,3 2,1 1,0 3,2 1,2 3,0 0,2 1,3 
2026-06-30 13:21:47.632 10 24233510
1,3 2,0 2,1 3,0 0,2 3,1 0,3 1,2 1,0 3,2 
2026-06-30 13:21:47.847 10 24594633
2,0 3,1 1,2 3,0 1,0 3,2 0,2 1,3 0,3 2,1 
2026-06-30 13:21:47.855 10 24608205
2,0 3,1 2,1 3,0 1,0 3,2 0,2 1,3 0,3 1,2 
2026-06-30 13:21:47.924 10 24725005
1,2 3,0 1,3 2,0 1,0 3,2 0,3 2,1 0,2 3,1 
2026-06-30 13:21:47.978 10 24815880
0,3 2,1 0,2 3,1 1,2 3,0 1,3 2,0 1,0 3,2 
2026-06-30 13:21:48.044 10 24926876
0,3 1,2 0,2 3,1 1,0 3,2 2,1 3,0 1,3 2,0 
2026-06-30 13:21:48.136 10 25080917
1,3 2,0 1,2 3,0 0,2 3,1 0,3 2,1 1,0 3,2 
2026-06-30 13:21:48.211 10 25208186
0,2 1,3 1,0 3,2 0,3 1,2 2,0 3,1 2,1 3,0 
2026-06-30 13:21:48.319 10 25391047
0,2 3,1 0,3 2,1 1,3 2,0 1,2 3,0 1,0 3,2 
2026-06-30 13:21:48.329 10 25407226
0,3 1,2 2,0 3,1 1,0 3,2 0,2 1,3 2,1 3,0 
2026-06-30 13:21:48.614 10 25887910
0,3 2,1 1,3 2,0 1,2 3,0 1,0 3,2 0,2 3,1 
2026-06-30 13:21:48.740 10 26100979
1,3 2,0 1,0 3,2 1,2 3,0 0,2 3,1 0,3 2,1 
2026-06-30 13:21:48.934 10 26426893
0,3 2,1 0,2 1,3 1,0 3,2 2,0 3,1 1,2 3,0 
2026-06-30 13:21:49.092 10 26693000
0,3 1,2 0,2 1,3 2,1 3,0 2,0 3,1 1,0 3,2 
2026-06-30 13:21:49.185 10 26850016
1,2 3,0 1,3 2,0 0,3 2,1 1,0 3,2 0,2 3,1 
2026-06-30 13:21:49.217 10 26903230
0,2 3,1 0,3 1,2 1,3 2,0 1,0 3,2 2,1 3,0 
2026-06-30 13:21:49.231 10 26927008
1,3 2,0 0,3 2,1 1,0 3,2 0,2 3,1 1,2 3,0 
2026-06-30 13:21:49.239 10 26940412
1,3 2,0 0,3 2,1 0,2 3,1 1,0 3,2 1,2 3,0 
2026-06-30 13:21:49.462 10 27315442
0,2 1,3 1,2 3,0 2,0 3,1 0,3 2,1 1,0 3,2 
2026-06-30 13:21:49.490 10 27363107
2,1 3,0 0,2 1,3 0,3 1,2 1,0 3,2 2,0 3,1 
2026-06-30 13:21:49.608 10 27562165
2,1 3,0 1,3 2,0 0,3 1,2 1,0 3,2 0,2 3,1 
2026-06-30 13:21:49.741 10 27787260
1,3 2,0 2,1 3,0 1,0 3,2 0,2 3,1 0,3 1,2 
2026-06-30 13:21:49.827 10 27932020
2,0 3,1 0,3 1,2 0,2 1,3 1,0 3,2 2,1 3,0 
2026-06-30 13:21:50.004 10 28231165
1,2 3,0 1,3 2,0 1,0 3,2 0,3 2,1 0,2 3,1 
2026-06-30 13:21:50.096 10 28385348
0,3 2,1 0,2 3,1 1,2 3,0 1,3 2,0 1,0 3,2 
2026-06-30 13:21:50.222 10 28598682
0,3 2,1 0,2 3,1 1,0 3,2 1,3 2,0 1,2 3,0 
2026-06-30 13:21:50.401 10 28899788
0,3 1,2 0,2 1,3 2,1 3,0 2,0 3,1 1,0 3,2 
2026-06-30 13:21:50.620 10 29269675
0,3 1,2 1,3 2,0 1,0 3,2 0,2 3,1 2,1 3,0 
2026-06-30 13:21:50.689 10 29386422
2,0 3,1 0,3 1,2 1,0 3,2 2,1 3,0 0,2 1,3 
2026-06-30 13:21:50.855 10 29667115
2,1 3,0 0,2 1,3 1,0 3,2 0,3 1,2 2,0 3,1 
2026-06-30 13:21:51.471 10 30704507
0,3 2,1 2,0 3,1 1,2 3,0 0,2 1,3 1,0 3,2 
2026-06-30 13:21:51.623 10 30961112
0,2 3,1 2,1 3,0 1,3 2,0 1,0 3,2 0,3 1,2 
2026-06-30 13:21:51.708 10 31104522
1,3 2,0 0,3 1,2 1,0 3,2 2,1 3,0 0,2 3,1 
2026-06-30 13:21:51.748 10 31172804
2,1 3,0 0,2 1,3 1,0 3,2 0,3 1,2 2,0 3,1 
2026-06-30 13:21:51.760 10 31192736
2,1 3,0 0,2 1,3 0,3 1,2 1,0 3,2 2,0 3,1 
2026-06-30 13:21:51.873 10 31382985
1,2 3,0 1,0 3,2 1,3 2,0 0,3 2,1 0,2 3,1 
2026-06-30 13:21:52.309 10 32117476
0,3 2,1 2,0 3,1 1,0 3,2 0,2 1,3 1,2 3,0 
2026-06-30 13:21:52.311 10 32120871
0,3 2,1 2,0 3,1 1,0 3,2 1,2 3,0 0,2 1,3 
2026-06-30 13:21:52.335 10 32160831
0,2 1,3 2,1 3,0 2,0 3,1 1,0 3,2 0,3 1,2 
2026-06-30 13:21:52.573 10 32563411
2,0 3,1 0,3 2,1 0,2 1,3 1,2 3,0 1,0 3,2 
2026-06-30 13:21:53.048 10 33359799
0,2 1,3 0,3 1,2 2,0 3,1 1,0 3,2 2,1 3,0 
2026-06-30 13:21:53.301 10 33786730
0,3 1,2 1,3 2,0 2,1 3,0 1,0 3,2 0,2 3,1 
2026-06-30 13:21:53.430 10 34004839
0,2 1,3 1,0 3,2 0,3 2,1 2,0 3,1 1,2 3,0 
2026-06-30 13:21:53.465 10 34062723
0,3 1,2 1,3 2,0 1,0 3,2 0,2 3,1 2,1 3,0 
2026-06-30 13:21:53.971 10 34921692
0,2 3,1 1,2 3,0 1,0 3,2 1,3 2,0 0,3 2,1 
2026-06-30 13:21:54.263 10 35412177
0,2 3,1 0,3 2,1 1,3 2,0 1,0 3,2 1,2 3,0 
2026-06-30 13:21:54.283 10 35446509
0,3 2,1 0,2 1,3 1,2 3,0 1,0 3,2 2,0 3,1 
2026-06-30 13:21:54.523 10 35852571
0,2 1,3 0,3 1,2 1,0 3,2 2,0 3,1 2,1 3,0 
2026-06-30 13:21:54.715 10 36175735
2,0 3,1 1,2 3,0 1,0 3,2 0,3 2,1 0,2 1,3 
2026-06-30 13:21:54.895 10 36477753
2,1 3,0 2,0 3,1 1,0 3,2 0,3 1,2 0,2 1,3 
2026-06-30 13:21:54.915 10 36511085
2,0 3,1 2,1 3,0 0,2 1,3 1,0 3,2 0,3 1,2 
2026-06-30 13:21:55.386 10 37304501
1,3 2,0 2,1 3,0 1,0 3,2 0,2 3,1 0,3 1,2 
2026-06-30 13:21:55.431 10 37379083
2,0 3,1 1,2 3,0 1,0 3,2 0,3 2,1 0,2 1,3 
2026-06-30 13:21:55.449 10 37409093
0,2 3,1 1,2 3,0 1,0 3,2 1,3 2,0 0,3 2,1 
2026-06-30 13:21:55.775 10 37956270
0,2 3,1 2,1 3,0 1,0 3,2 0,3 1,2 1,3 2,0 
2026-06-30 13:21:55.783 10 37969324
1,2 3,0 1,3 2,0 0,3 2,1 0,2 3,1 1,0 3,2 
2026-06-30 13:21:55.806 10 38008717
0,3 1,2 0,2 3,1 1,0 3,2 2,1 3,0 1,3 2,0 
2026-06-30 13:21:55.905 10 38177104
1,3 2,0 1,0 3,2 0,3 2,1 0,2 3,1 1,2 3,0 
2026-06-30 13:21:55.995 10 38327560
0,2 3,1 2,1 3,0 1,0 3,2 1,3 2,0 0,3 1,2 
2026-06-30 13:21:55.995 10 38328177
2,0 3,1 1,2 3,0 1,0 3,2 0,3 2,1 0,2 1,3 
2026-06-30 13:21:56.253 10 38761621
2,1 3,0 0,2 1,3 1,0 3,2 2,0 3,1 0,3 1,2 
2026-06-30 13:21:56.339 10 38904320
1,2 3,0 0,2 3,1 0,3 2,1 1,3 2,0 1,0 3,2 
2026-06-30 13:21:56.340 10 38906167
2,0 3,1 2,1 3,0 1,0 3,2 0,2 1,3 0,3 1,2 
2026-06-30 13:21:56.356 10 38932864
2,1 3,0 2,0 3,1 0,3 1,2 1,0 3,2 0,2 1,3 
2026-06-30 13:21:56.602 10 39349400
1,3 2,0 0,3 2,1 0,2 3,1 1,2 3,0 1,0 3,2 
2026-06-30 13:21:56.729 10 39564151
1,3 2,0 1,0 3,2 0,3 1,2 0,2 3,1 2,1 3,0 
2026-06-30 13:21:56.937 10 39911413
1,3 2,0 0,3 2,1 0,2 3,1 1,0 3,2 1,2 3,0 
2026-06-30 13:21:56.941 10 39918087
2,1 3,0 0,2 1,3 1,0 3,2 2,0 3,1 0,3 1,2 
2026-06-30 13:21:57.031 10 40069723
1,2 3,0 0,2 3,1 0,3 2,1 1,3 2,0 1,0 3,2 
2026-06-30 13:21:57.243 10 40428440
2,1 3,0 1,3 2,0 1,0 3,2 0,2 3,1 0,3 1,2 
2026-06-30 13:21:57.328 10 40571548
0,2 3,1 2,1 3,0 1,3 2,0 0,3 1,2 1,0 3,2 
2026-06-30 13:21:57.392 10 40679970
2,1 3,0 1,0 3,2 2,0 3,1 0,3 1,2 0,2 1,3 
2026-06-30 13:21:57.645 10 41107659
2,0 3,1 2,1 3,0 1,0 3,2 0,2 1,3 0,3 1,2 
2026-06-30 13:21:57.664 10 41138788
1,3 2,0 0,3 1,2 1,0 3,2 0,2 3,1 2,1 3,0 
2026-06-30 13:21:58.086 10 41851283
2,1 3,0 2,0 3,1 1,0 3,2 0,2 1,3 0,3 1,2 
2026-06-30 13:21:58.099 10 41873054
0,2 1,3 2,1 3,0 1,0 3,2 2,0 3,1 0,3 1,2 
2026-06-30 13:21:58.101 10 41876833
2,0 3,1 0,3 1,2 0,2 1,3 2,1 3,0 1,0 3,2 
2026-06-30 13:21:58.147 10 41954275
2,0 3,1 2,1 3,0 1,0 3,2 0,2 1,3 0,3 1,2 
2026-06-30 13:21:58.176 10 42003086
0,3 1,2 0,2 1,3 1,0 3,2 2,0 3,1 2,1 3,0 
2026-06-30 13:21:58.342 10 42282635
0,2 1,3 1,0 3,2 0,3 1,2 2,0 3,1 2,1 3,0 
2026-06-30 13:21:58.470 10 42496466
2,0 3,1 1,2 3,0 1,0 3,2 0,3 2,1 0,2 1,3 
2026-06-30 13:21:58.567 10 42659494
1,3 2,0 0,3 1,2 0,2 3,1 1,0 3,2 2,1 3,0 
2026-06-30 13:21:58.589 10 42696832
0,2 3,1 1,2 3,0 1,0 3,2 1,3 2,0 0,3 2,1 
2026-06-30 13:21:58.755 10 42976605
1,2 3,0 1,0 3,2 0,2 3,1 0,3 2,1 1,3 2,0 
2026-06-30 13:21:58.775 10 43010257
0,3 2,1 2,0 3,1 1,2 3,0 1,0 3,2 0,2 1,3 
2026-06-30 13:21:58.885 10 43196691
0,3 2,1 2,0 3,1 1,2 3,0 1,0 3,2 0,2 1,3 
2026-06-30 13:21:59.018 10 43421304
0,3 2,1 0,2 3,1 1,2 3,0 1,0 3,2 1,3 2,0 
2026-06-30 13:21:59.143 10 43630528
0,2 3,1 0,3 1,2 1,3 2,0 1,0 3,2 2,1 3,0 
2026-06-30 13:21:59.327 10 43939925
2,1 3,0 1,0 3,2 0,2 1,3 0,3 1,2 2,0 3,1 
2026-06-30 13:21:59.416 10 44089299
1,3 2,0 0,3 2,1 0,2 3,1 1,2 3,0 1,0 3,2 
2026-06-30 13:21:59.556 10 44323273
0,2 1,3 2,1 3,0 1,0 3,2 2,0 3,1 0,3 1,2 
2026-06-30 13:21:59.576 10 44356500
1,2 3,0 2,0 3,1 0,3 2,1 1,0 3,2 0,2 1,3 
2026-06-30 13:21:59.580 10 44363159
0,3 1,2 1,3 2,0 2,1 3,0 1,0 3,2 0,2 3,1 
2026-06-30 13:21:59.675 10 44522090
0,2 3,1 1,2 3,0 1,0 3,2 0,3 2,1 1,3 2,0 
2026-06-30 13:21:59.724 10 44604354
0,2 1,3 1,0 3,2 0,3 2,1 2,0 3,1 1,2 3,0 
2026-06-30 13:21:59.773 10 44686339
0,2 1,3 1,2 3,0 1,0 3,2 0,3 2,1 2,0 3,1 
2026-06-30 13:21:59.935 10 44959291
0,3 2,1 1,3 2,0 1,2 3,0 0,2 3,1 1,0 3,2 
2026-06-30 13:22:00.053 10 45157924
0,2 1,3 0,3 2,1 1,0 3,2 2,0 3,1 1,2 3,0 
2026-06-30 13:22:00.129 10 45287349
0,3 1,2 1,3 2,0 1,0 3,2 0,2 3,1 2,1 3,0 
2026-06-30 13:22:00.261 10 45510280
0,3 2,1 1,3 2,0 1,2 3,0 0,2 3,1 1,0 3,2 
2026-06-30 13:22:00.406 10 45754337
0,3 1,2 2,0 3,1 2,1 3,0 1,0 3,2 0,2 1,3 
2026-06-30 13:22:00.431 10 45797213
0,3 1,2 0,2 1,3 1,0 3,2 2,1 3,0 2,0 3,1 
2026-06-30 13:22:00.569 10 46028284
0,2 1,3 2,1 3,0 1,0 3,2 2,0 3,1 0,3 1,2 
2026-06-30 13:22:00.711 10 46267725
2,0 3,1 2,1 3,0 1,0 3,2 0,2 1,3 0,3 1,2 
2026-06-30 13:22:00.844 10 46491761
2,1 3,0 2,0 3,1 1,0 3,2 0,3 1,2 0,2 1,3 
2026-06-30 13:22:00.857 10 46513987
2,1 3,0 1,3 2,0 0,3 1,2 1,0 3,2 0,2 3,1 
2026-06-30 13:22:01.075 10 46882944
2,1 3,0 0,2 3,1 0,3 1,2 1,3 2,0 1,0 3,2 
2026-06-30 13:22:01.119 10 46955615
2,1 3,0 0,2 3,1 0,3 1,2 1,3 2,0 1,0 3,2 
2026-06-30 13:22:01.336 10 47321706
0,2 3,1 0,3 2,1 1,0 3,2 1,2 3,0 1,3 2,0 
2026-06-30 13:22:01.549 10 47681684
1,3 2,0 1,0 3,2 0,3 1,2 0,2 3,1 2,1 3,0 
2026-06-30 13:22:01.670 10 47885670
0,3 1,2 0,2 3,1 2,1 3,0 1,3 2,0 1,0 3,2 
2026-06-30 13:22:01.747 10 48015483
0,3 1,2 1,0 3,2 0,2 1,3 2,1 3,0 2,0 3,1 
2026-06-30 13:22:02.066 10 48551878
1,2 3,0 2,0 3,1 1,0 3,2 0,3 2,1 0,2 1,3 
2026-06-30 13:22:02.173 10 48731359
0,2 3,1 1,0 3,2 0,3 2,1 1,3 2,0 1,2 3,0 
2026-06-30 13:22:02.200 10 48777154
2,0 3,1 1,2 3,0 1,0 3,2 0,3 2,1 0,2 1,3 
2026-06-30 13:22:02.339 10 49010754
0,3 2,1 0,2 3,1 1,0 3,2 1,2 3,0 1,3 2,0 
2026-06-30 13:22:02.426 10 49158406
2,0 3,1 2,1 3,0 0,2 1,3 0,3 1,2 1,0 3,2 
2026-06-30 13:22:02.620 10 49485403
0,2 3,1 0,3 2,1 1,0 3,2 1,2 3,0 1,3 2,0 
2026-06-30 13:22:02.773 10 49743665
2,0 3,1 2,1 3,0 1,0 3,2 0,2 1,3 0,3 1,2 
2026-06-30 13:22:02.895 10 49948463
1,3 2,0 0,3 1,2 0,2 3,1 1,0 3,2 2,1 3,0 
2026-06-30 13:22:03.058 10 50219507
0,3 1,2 1,3 2,0 2,1 3,0 1,0 3,2 0,2 3,1 
2026-06-30 13:22:03.103 10 50295767
0,3 1,2 1,3 2,0 2,1 3,0 1,0 3,2 0,2 3,1 
2026-06-30 13:22:03.217 10 50487793
2,0 3,1 1,0 3,2 0,3 1,2 0,2 1,3 2,1 3,0 
2026-06-30 13:22:03.630 10 51188991
0,2 1,3 2,1 3,0 1,0 3,2 0,3 1,2 2,0 3,1 
2026-06-30 13:22:03.642 10 51209248
2,0 3,1 0,3 1,2 1,0 3,2 0,2 1,3 2,1 3,0 
2026-06-30 13:22:03.653 10 51226489
1,3 2,0 1,0 3,2 2,1 3,0 0,2 3,1 0,3 1,2 
2026-06-30 13:22:03.714 10 51329905
0,3 1,2 2,0 3,1 2,1 3,0 1,0 3,2 0,2 1,3 
2026-06-30 13:22:03.751 10 51391462
1,3 2,0 1,2 3,0 1,0 3,2 0,3 2,1 0,2 3,1 
2026-06-30 13:22:03.816 10 51501013
2,0 3,1 1,0 3,2 2,1 3,0 0,2 1,3 0,3 1,2 
2026-06-30 13:22:04.044 10 51885023
2,0 3,1 0,3 2,1 0,2 1,3 1,2 3,0 1,0 3,2 
2026-06-30 13:22:04.185 10 52121766
0,3 1,2 0,2 3,1 1,0 3,2 2,1 3,0 1,3 2,0 
2026-06-30 13:22:04.278 10 52279778
0,2 3,1 2,1 3,0 1,0 3,2 0,3 1,2 1,3 2,0 
2026-06-30 13:22:04.279 10 52280860
1,3 2,0 1,2 3,0 0,2 3,1 1,0 3,2 0,3 2,1 
2026-06-30 13:22:04.292 10 52302872
0,2 3,1 1,2 3,0 1,0 3,2 1,3 2,0 0,3 2,1 
2026-06-30 13:22:04.370 10 52432594
2,0 3,1 0,3 1,2 0,2 1,3 2,1 3,0 1,0 3,2 
2026-06-30 13:22:04.460 10 52583465
2,1 3,0 0,2 1,3 1,0 3,2 0,3 1,2 2,0 3,1 
2026-06-30 13:22:04.551 10 52737291
2,1 3,0 0,2 3,1 0,3 1,2 1,0 3,2 1,3 2,0 
2026-06-30 13:22:04.621 10 52851908
1,3 2,0 0,3 1,2 1,0 3,2 0,2 3,1 2,1 3,0 
2026-06-30 13:22:04.635 10 52876381
0,3 2,1 1,0 3,2 2,0 3,1 1,2 3,0 0,2 1,3 
2026-06-30 13:22:04.698 10 52982577
0,3 2,1 2,0 3,1 1,0 3,2 0,2 1,3 1,2 3,0 
2026-06-30 13:22:04.807 10 53164393
0,3 1,2 1,0 3,2 0,2 3,1 2,1 3,0 1,3 2,0 
2026-06-30 13:22:04.915 10 53346579
0,2 3,1 1,0 3,2 0,3 2,1 1,3 2,0 1,2 3,0 
2026-06-30 13:22:05.349 10 54082390
1,3 2,0 0,3 2,1 1,0 3,2 0,2 3,1 1,2 3,0 
2026-06-30 13:22:05.380 10 54133737
0,3 1,2 1,0 3,2 1,3 2,0 2,1 3,0 0,2 3,1 
2026-06-30 13:22:05.547 10 54414338
2,0 3,1 2,1 3,0 0,2 1,3 0,3 1,2 1,0 3,2 
2026-06-30 13:22:06.026 10 55224218
2,1 3,0 0,2 1,3 1,0 3,2 0,3 1,2 2,0 3,1 
2026-06-30 13:22:06.095 10 55341779
1,2 3,0 0,2 1,3 0,3 2,1 1,0 3,2 2,0 3,1 
2026-06-30 13:22:06.151 10 55434712
0,2 3,1 1,0 3,2 2,1 3,0 1,3 2,0 0,3 1,2 
2026-06-30 13:22:06.350 10 55770967
0,3 2,1 0,2 3,1 1,2 3,0 1,0 3,2 1,3 2,0 
2026-06-30 13:22:06.477 10 55983984
0,2 1,3 2,1 3,0 1,0 3,2 2,0 3,1 0,3 1,2 
2026-06-30 13:22:06.767 10 56472897
1,2 3,0 2,0 3,1 1,0 3,2 0,2 1,3 0,3 2,1 
2026-06-30 13:22:06.829 10 56575543
1,2 3,0 0,2 3,1 0,3 2,1 1,3 2,0 1,0 3,2 
2026-06-30 13:22:06.922 10 56732137
2,0 3,1 1,0 3,2 0,3 1,2 0,2 1,3 2,1 3,0 
2026-06-30 13:22:06.951 10 56781925
1,3 2,0 0,3 2,1 0,2 3,1 1,0 3,2 1,2 3,0 
2026-06-30 13:22:07.360 10 57468965
1,2 3,0 0,2 3,1 1,0 3,2 1,3 2,0 0,3 2,1 
2026-06-30 13:22:07.375 10 57493397
0,2 1,3 1,2 3,0 2,0 3,1 0,3 2,1 1,0 3,2 
2026-06-30 13:22:07.395 10 57527755
1,3 2,0 2,1 3,0 0,2 3,1 0,3 1,2 1,0 3,2 
2026-06-30 13:22:07.457 10 57630835
0,2 1,3 1,0 3,2 0,3 1,2 2,0 3,1 2,1 3,0 
2026-06-30 13:22:07.521 10 57739365
1,3 2,0 0,3 1,2 1,0 3,2 2,1 3,0 0,2 3,1 
2026-06-30 13:22:07.545 10 57778838
1,3 2,0 1,0 3,2 0,3 1,2 0,2 3,1 2,1 3,0 
2026-06-30 13:22:07.672 10 57988776
0,3 1,2 1,3 2,0 2,1 3,0 0,2 3,1 1,0 3,2 
2026-06-30 13:22:07.718 10 58066386
0,3 1,2 0,2 1,3 2,1 3,0 1,0 3,2 2,0 3,1 
2026-06-30 13:22:07.725 10 58077846
0,3 1,2 0,2 1,3 2,1 3,0 1,0 3,2 2,0 3,1 
2026-06-30 13:22:07.739 10 58102028
2,1 3,0 2,0 3,1 1,0 3,2 0,2 1,3 0,3 1,2 
2026-06-30 13:22:07.783 10 58175307
0,2 1,3 1,0 3,2 1,2 3,0 2,0 3,1 0,3 2,1 
2026-06-30 13:22:07.827 10 58250676
1,3 2,0 0,3 1,2 0,2 3,1 2,1 3,0 1,0 3,2 
2026-06-30 13:22:07.980 10 58509917
2,1 3,0 2,0 3,1 1,0 3,2 0,2 1,3 0,3 1,2 
2026-06-30 13:22:08.514 10 59411885
1,2 3,0 0,2 1,3 1,0 3,2 0,3 2,1 2,0 3,1 
2026-06-30 13:22:08.538 10 59451964
2,1 3,0 0,2 1,3 0,3 1,2 2,0 3,1 1,0 3,2 
2026-06-30 13:22:08.869 10 60010295
1,3 2,0 2,1 3,0 1,0 3,2 0,3 1,2 0,2 3,1 
2026-06-30 13:22:09.106 10 60410811
0,3 1,2 1,3 2,0 1,0 3,2 0,2 3,1 2,1 3,0 
2026-06-30 13:22:09.449 10 60990181
0,3 2,1 1,0 3,2 0,2 1,3 1,2 3,0 2,0 3,1 
2026-06-30 13:22:09.536 10 61133643
2,1 3,0 1,0 3,2 0,2 1,3 0,3 1,2 2,0 3,1 
2026-06-30 13:22:09.696 10 61404261
2,1 3,0 1,0 3,2 0,2 3,1 0,3 1,2 1,3 2,0 
2026-06-30 13:22:09.776 10 61537562
0,3 2,1 0,2 3,1 1,2 3,0 1,3 2,0 1,0 3,2 
2026-06-30 13:22:09.780 10 61544668
0,2 1,3 1,0 3,2 1,2 3,0 2,0 3,1 0,3 2,1 
2026-06-30 13:22:10.123 10 62121979
2,0 3,1 0,3 2,1 1,0 3,2 0,2 1,3 1,2 3,0 
2026-06-30 13:22:10.212 10 62272241
0,2 1,3 2,1 3,0 2,0 3,1 0,3 1,2 1,0 3,2 
2026-06-30 13:22:10.218 10 62281861
0,2 3,1 0,3 2,1 1,3 2,0 1,2 3,0 1,0 3,2 
2026-06-30 13:22:10.350 10 62502962
0,2 3,1 0,3 2,1 1,3 2,0 1,0 3,2 1,2 3,0 
2026-06-30 13:22:10.485 10 62728019
0,2 3,1 2,1 3,0 1,3 2,0 1,0 3,2 0,3 1,2 
2026-06-30 13:22:10.720 10 63124535
2,0 3,1 1,0 3,2 0,3 1,2 0,2 1,3 2,1 3,0 
2026-06-30 13:22:10.877 10 63389508
0,2 1,3 0,3 1,2 1,0 3,2 2,1 3,0 2,0 3,1 
2026-06-30 13:22:10.880 10 63394516
1,2 3,0 2,0 3,1 0,3 2,1 1,0 3,2 0,2 1,3 
2026-06-30 13:22:11.042 10 63667294
1,3 2,0 1,2 3,0 1,0 3,2 0,2 3,1 0,3 2,1 
2026-06-30 13:22:11.091 10 63749509
2,0 3,1 2,1 3,0 0,2 1,3 1,0 3,2 0,3 1,2 
2026-06-30 13:22:11.094 10 63753154
0,3 1,2 1,3 2,0 1,0 3,2 0,2 3,1 2,1 3,0 
2026-06-30 13:22:11.111 10 63781130
1,3 2,0 2,1 3,0 1,0 3,2 0,3 1,2 0,2 3,1 
2026-06-30 13:22:11.214 10 63952750
0,2 1,3 0,3 2,1 1,0 3,2 2,0 3,1 1,2 3,0 
2026-06-30 13:22:11.253 10 64018601
1,2 3,0 0,2 3,1 0,3 2,1 1,3 2,0 1,0 3,2 
2026-06-30 13:22:11.421 10 64299887
0,3 2,1 0,2 1,3 1,2 3,0 2,0 3,1 1,0 3,2 
2026-06-30 13:22:11.693 10 64757024
0,2 3,1 1,2 3,0 1,0 3,2 0,3 2,1 1,3 2,0 
2026-06-30 13:22:11.724 10 64808548
2,0 3,1 0,3 1,2 0,2 1,3 1,0 3,2 2,1 3,0 
2026-06-30 13:22:12.035 10 65333876
0,3 1,2 1,0 3,2 0,2 1,3 2,1 3,0 2,0 3,1 
2026-06-30 13:22:12.483 10 66089273
0,3 1,2 0,2 1,3 1,0 3,2 2,0 3,1 2,1 3,0 
2026-06-30 13:22:12.489 10 66099121
0,3 2,1 0,2 3,1 1,2 3,0 1,0 3,2 1,3 2,0 
2026-06-30 13:22:12.641 10 66356875
2,0 3,1 2,1 3,0 1,0 3,2 0,3 1,2 0,2 1,3 
2026-06-30 13:22:12.673 10 66410295
0,2 3,1 2,1 3,0 1,0 3,2 1,3 2,0 0,3 1,2 
2026-06-30 13:22:12.890 10 66777204
0,2 3,1 1,2 3,0 1,3 2,0 1,0 3,2 0,3 2,1 
2026-06-30 13:22:12.998 10 66959349
0,3 1,2 0,2 3,1 1,0 3,2 2,1 3,0 1,3 2,0 
2026-06-30 13:22:13.097 10 67126247
1,2 3,0 2,0 3,1 0,3 2,1 0,2 1,3 1,0 3,2 
2026-06-30 13:22:13.230 10 67351602
1,2 3,0 1,3 2,0 0,3 2,1 1,0 3,2 0,2 3,1 
2026-06-30 13:22:13.553 10 67894937
1,3 2,0 0,3 2,1 1,0 3,2 0,2 3,1 1,2 3,0 
2026-06-30 13:22:13.658 10 68072483
1,3 2,0 2,1 3,0 0,2 3,1 0,3 1,2 1,0 3,2 
2026-06-30 13:22:13.782 10 68279782
0,3 1,2 1,3 2,0 1,0 3,2 0,2 3,1 2,1 3,0 
2026-06-30 13:22:13.886 10 68454521
0,3 1,2 1,3 2,0 1,0 3,2 0,2 3,1 2,1 3,0 
2026-06-30 13:22:14.663 10 69767909
2,1 3,0 1,3 2,0 0,3 1,2 0,2 3,1 1,0 3,2 
2026-06-30 13:22:14.781 10 69969098
1,3 2,0 1,0 3,2 1,2 3,0 0,2 3,1 0,3 2,1 
2026-06-30 13:22:14.782 10 69970879
0,3 2,1 2,0 3,1 1,2 3,0 0,2 1,3 1,0 3,2 
2026-06-30 13:22:15.673 10 71470847
2,0 3,1 0,3 1,2 0,2 1,3 2,1 3,0 1,0 3,2 
2026-06-30 13:22:15.707 10 71527897
2,0 3,1 1,2 3,0 1,0 3,2 0,2 1,3 0,3 2,1 
2026-06-30 13:22:15.791 10 71671250
1,3 2,0 0,3 1,2 0,2 3,1 2,1 3,0 1,0 3,2 
2026-06-30 13:22:15.824 10 71726539
2,1 3,0 2,0 3,1 0,3 1,2 1,0 3,2 0,2 1,3 
2026-06-30 13:22:15.829 10 71735054
0,2 1,3 2,1 3,0 1,0 3,2 2,0 3,1 0,3 1,2 
2026-06-30 13:22:15.892 10 71840317
2,1 3,0 2,0 3,1 0,3 1,2 0,2 1,3 1,0 3,2 
2026-06-30 13:22:15.914 10 71878076
0,3 2,1 0,2 1,3 1,0 3,2 2,0 3,1 1,2 3,0 
2026-06-30 13:22:16.094 10 72180517
2,1 3,0 2,0 3,1 0,3 1,2 0,2 1,3 1,0 3,2 
2026-06-30 13:22:16.108 10 72203911
0,3 1,2 0,2 1,3 1,0 3,2 2,1 3,0 2,0 3,1 
2026-06-30 13:22:16.175 10 72315285
1,2 3,0 2,0 3,1 1,0 3,2 0,2 1,3 0,3 2,1 
2026-06-30 13:22:16.210 10 72373601
0,2 1,3 1,0 3,2 0,3 1,2 2,0 3,1 2,1 3,0 
2026-06-30 13:22:16.323 10 72563734
2,0 3,1 1,2 3,0 0,2 1,3 1,0 3,2 0,3 2,1 
2026-06-30 13:22:16.718 10 73227655
1,3 2,0 1,2 3,0 1,0 3,2 0,3 2,1 0,2 3,1 
2026-06-30 13:22:16.781 10 73332419
2,0 3,1 2,1 3,0 1,0 3,2 0,2 1,3 0,3 1,2 
2026-06-30 13:22:16.900 10 73533422
0,2 3,1 2,1 3,0 1,3 2,0 0,3 1,2 1,0 3,2 
2026-06-30 13:22:17.236 10 74099768
0,2 3,1 1,2 3,0 1,0 3,2 0,3 2,1 1,3 2,0 
2026-06-30 13:22:17.236 10 74099888
1,2 3,0 0,2 3,1 0,3 2,1 1,3 2,0 1,0 3,2 
2026-06-30 13:22:17.257 10 74133924
0,2 3,1 1,2 3,0 1,0 3,2 1,3 2,0 0,3 2,1 
2026-06-30 13:22:17.267 10 74150829
0,3 2,1 0,2 1,3 1,0 3,2 1,2 3,0 2,0 3,1 
2026-06-30 13:22:17.361 10 74308985
0,3 2,1 1,0 3,2 2,0 3,1 1,2 3,0 0,2 1,3 
2026-06-30 13:22:17.633 10 74763073
0,2 3,1 1,0 3,2 2,1 3,0 1,3 2,0 0,3 1,2 
2026-06-30 13:22:17.757 10 74971447
0,2 3,1 1,0 3,2 1,2 3,0 1,3 2,0 0,3 2,1 
2026-06-30 13:22:17.772 10 74997224
0,3 2,1 1,0 3,2 0,2 3,1 1,2 3,0 1,3 2,0 
2026-06-30 13:22:17.831 10 75094491
2,0 3,1 1,0 3,2 0,3 1,2 0,2 1,3 2,1 3,0 
2026-06-30 13:22:17.934 10 75267191
0,3 2,1 1,0 3,2 2,0 3,1 1,2 3,0 0,2 1,3 
2026-06-30 13:22:17.971 10 75330023
2,0 3,1 1,2 3,0 0,2 1,3 0,3 2,1 1,0 3,2 
2026-06-30 13:22:18.286 10 75857990
0,2 3,1 2,1 3,0 1,3 2,0 0,3 1,2 1,0 3,2 
2026-06-30 13:22:18.396 10 76043149
2,1 3,0 1,3 2,0 0,3 1,2 1,0 3,2 0,2 3,1 
2026-06-30 13:22:18.555 10 76311723
0,2 3,1 1,0 3,2 0,3 1,2 1,3 2,0 2,1 3,0 
2026-06-30 13:22:18.687 10 76533930
0,2 1,3 1,0 3,2 1,2 3,0 2,0 3,1 0,3 2,1 
2026-06-30 13:22:18.731 10 76606873
0,3 1,2 0,2 3,1 2,1 3,0 1,0 3,2 1,3 2,0 
2026-06-30 13:22:19.051 10 77148722
0,3 1,2 2,0 3,1 1,0 3,2 0,2 1,3 2,1 3,0 
2026-06-30 13:22:19.285 10 77545299
0,3 1,2 0,2 3,1 1,0 3,2 1,3 2,0 2,1 3,0 
2026-06-30 13:22:19.379 10 77705012
0,3 2,1 2,0 3,1 1,0 3,2 0,2 1,3 1,2 3,0 
2026-06-30 13:22:19.492 10 77895728
0,3 2,1 1,3 2,0 1,2 3,0 1,0 3,2 0,2 3,1 
2026-06-30 13:22:19.895 10 78575239
0,2 3,1 1,0 3,2 0,3 1,2 1,3 2,0 2,1 3,0 
2026-06-30 13:22:20.087 10 78900257
1,3 2,0 1,0 3,2 0,3 1,2 0,2 3,1 2,1 3,0 
2026-06-30 13:22:20.269 10 79207941
0,3 2,1 1,0 3,2 0,2 1,3 1,2 3,0 2,0 3,1 
2026-06-30 13:22:20.414 10 79450830
0,2 3,1 1,2 3,0 1,3 2,0 1,0 3,2 0,3 2,1 
2026-06-30 13:22:20.811 10 80117085
1,2 3,0 1,0 3,2 0,2 3,1 0,3 2,1 1,3 2,0 
2026-06-30 13:22:20.831 10 80150966
0,2 3,1 0,3 2,1 1,3 2,0 1,0 3,2 1,2 3,0 
2026-06-30 13:22:21.252 10 80860208
0,3 1,2 2,0 3,1 1,0 3,2 2,1 3,0 0,2 1,3 
2026-06-30 13:22:21.255 10 80865467
0,3 2,1 1,0 3,2 2,0 3,1 1,2 3,0 0,2 1,3 
2026-06-30 13:22:21.261 10 80876659
1,3 2,0 0,3 2,1 0,2 3,1 1,2 3,0 1,0 3,2 
2026-06-30 13:22:21.333 10 80996930
0,3 1,2 0,2 3,1 2,1 3,0 1,3 2,0 1,0 3,2 
2026-06-30 13:22:21.540 10 81345051
1,2 3,0 2,0 3,1 0,3 2,1 0,2 1,3 1,0 3,2 
2026-06-30 13:22:21.939 10 82021277
0,2 1,3 0,3 2,1 1,0 3,2 1,2 3,0 2,0 3,1 
2026-06-30 13:22:21.940 10 82022598
1,2 3,0 0,2 3,1 1,0 3,2 0,3 2,1 1,3 2,0 
2026-06-30 13:22:22.139 10 82357179
2,1 3,0 1,3 2,0 1,0 3,2 0,2 3,1 0,3 1,2 
2026-06-30 13:22:22.218 10 82491022
0,2 3,1 1,2 3,0 1,0 3,2 1,3 2,0 0,3 2,1 
2026-06-30 13:22:22.230 10 82511165
2,1 3,0 2,0 3,1 0,3 1,2 0,2 1,3 1,0 3,2 
2026-06-30 13:22:22.320 10 82662493
2,0 3,1 1,2 3,0 1,0 3,2 0,2 1,3 0,3 2,1 
2026-06-30 13:22:22.443 10 82867959
2,0 3,1 1,2 3,0 1,0 3,2 0,3 2,1 0,2 1,3 
2026-06-30 13:22:22.517 10 82992235
0,2 3,1 2,1 3,0 1,0 3,2 1,3 2,0 0,3 1,2 
2026-06-30 13:22:22.559 10 83062775
1,2 3,0 0,2 3,1 0,3 2,1 1,3 2,0 1,0 3,2 
2026-06-30 13:22:22.601 10 83134131
0,2 3,1 1,2 3,0 1,3 2,0 1,0 3,2 0,3 2,1 
2026-06-30 13:22:22.744 10 83374674
1,3 2,0 2,1 3,0 1,0 3,2 0,3 1,2 0,2 3,1 
2026-06-30 13:22:22.775 10 83426245
2,0 3,1 2,1 3,0 1,0 3,2 0,3 1,2 0,2 1,3 
2026-06-30 13:22:22.800 10 83468072
0,3 1,2 1,3 2,0 2,1 3,0 1,0 3,2 0,2 3,1 
2026-06-30 13:22:22.872 10 83590646
0,3 1,2 1,0 3,2 0,2 3,1 2,1 3,0 1,3 2,0 
2026-06-30 13:22:22.966 10 83747157
0,2 3,1 1,0 3,2 2,1 3,0 1,3 2,0 0,3 1,2 
2026-06-30 13:22:23.028 10 83852779
0,2 1,3 0,3 1,2 1,0 3,2 2,0 3,1 2,1 3,0 
2026-06-30 13:22:23.041 10 83874402
0,2 1,3 1,2 3,0 2,0 3,1 0,3 2,1 1,0 3,2 
2026-06-30 13:22:23.076 10 83932534
0,3 1,2 0,2 3,1 2,1 3,0 1,0 3,2 1,3 2,0 
2026-06-30 13:22:23.329 10 84357924
1,3 2,0 0,3 2,1 1,0 3,2 1,2 3,0 0,2 3,1 
2026-06-30 13:22:23.434 10 84533653
0,2 3,1 0,3 2,1 1,0 3,2 1,3 2,0 1,2 3,0 
2026-06-30 13:22:23.492 10 84629790
1,2 3,0 1,0 3,2 0,2 1,3 0,3 2,1 2,0 3,1 
2026-06-30 13:22:23.529 10 84691431
2,0 3,1 0,3 1,2 0,2 1,3 1,0 3,2 2,1 3,0 
2026-06-30 13:22:23.566 10 84751359
2,1 3,0 0,2 1,3 0,3 1,2 1,0 3,2 2,0 3,1 
2026-06-30 13:22:23.568 10 84754724
0,2 3,1 1,2 3,0 1,3 2,0 1,0 3,2 0,3 2,1 
2026-06-30 13:22:23.657 10 84900449
0,2 1,3 1,2 3,0 1,0 3,2 0,3 2,1 2,0 3,1 
2026-06-30 13:22:23.726 10 85015535
2,1 3,0 1,0 3,2 0,2 3,1 0,3 1,2 1,3 2,0 
2026-06-30 13:22:23.746 10 85049383
0,2 1,3 0,3 1,2 2,0 3,1 2,1 3,0 1,0 3,2 
2026-06-30 13:22:23.781 10 85106552
1,2 3,0 1,3 2,0 1,0 3,2 0,2 3,1 0,3 2,1 
2026-06-30 13:22:23.872 10 85259300
0,3 2,1 1,0 3,2 0,2 1,3 1,2 3,0 2,0 3,1 
2026-06-30 13:22:23.905 10 85314718
1,3 2,0 0,3 1,2 0,2 3,1 2,1 3,0 1,0 3,2 
2026-06-30 13:22:24.346 10 86057164
1,2 3,0 0,2 3,1 0,3 2,1 1,0 3,2 1,3 2,0 
2026-06-30 13:22:24.608 10 86498985
0,3 2,1 1,3 2,0 1,0 3,2 0,2 3,1 1,2 3,0 
2026-06-30 13:22:24.615 10 86511035
0,3 1,2 1,0 3,2 0,2 1,3 2,1 3,0 2,0 3,1 
2026-06-30 13:22:24.703 10 86659277
2,0 3,1 2,1 3,0 0,2 1,3 0,3 1,2 1,0 3,2 
2026-06-30 13:22:25.013 10 87179850
0,3 2,1 1,0 3,2 0,2 1,3 1,2 3,0 2,0 3,1 
2026-06-30 13:22:25.298 10 87659737
1,2 3,0 1,0 3,2 0,2 1,3 0,3 2,1 2,0 3,1 
2026-06-30 13:22:25.391 10 87817319
0,2 3,1 0,3 1,2 1,3 2,0 1,0 3,2 2,1 3,0 
2026-06-30 13:22:25.412 10 87852258
0,2 3,1 1,2 3,0 1,0 3,2 0,3 2,1 1,3 2,0 
2026-06-30 13:22:25.571 10 88121684
0,2 3,1 2,1 3,0 1,0 3,2 0,3 1,2 1,3 2,0 
2026-06-30 13:22:25.689 10 88321331
2,0 3,1 2,1 3,0 0,2 1,3 0,3 1,2 1,0 3,2 
2026-06-30 13:22:25.732 10 88393174
1,2 3,0 2,0 3,1 1,0 3,2 0,3 2,1 0,2 1,3 
2026-06-30 13:22:25.897 10 88669484
0,3 1,2 2,0 3,1 2,1 3,0 0,2 1,3 1,0 3,2 
2026-06-30 13:22:25.906 10 88685051
2,0 3,1 0,3 2,1 1,0 3,2 0,2 1,3 1,2 3,0 
2026-06-30 13:22:26.097 10 89006418
1,2 3,0 0,2 1,3 0,3 2,1 2,0 3,1 1,0 3,2 
2026-06-30 13:22:26.611 10 89871457
2,1 3,0 0,2 3,1 0,3 1,2 1,3 2,0 1,0 3,2 
2026-06-30 13:22:26.648 10 89933896
1,2 3,0 0,2 3,1 0,3 2,1 1,3 2,0 1,0 3,2 
2026-06-30 13:22:26.844 10 90262976
1,2 3,0 0,2 1,3 1,0 3,2 0,3 2,1 2,0 3,1 
2026-06-30 13:22:26.859 10 90287546
0,2 3,1 0,3 2,1 1,0 3,2 1,3 2,0 1,2 3,0 
2026-06-30 13:22:26.876 10 90316601
1,2 3,0 0,2 1,3 0,3 2,1 2,0 3,1 1,0 3,2 
2026-06-30 13:22:27.169 10 90812621
2,0 3,1 0,3 1,2 0,2 1,3 1,0 3,2 2,1 3,0 
2026-06-30 13:22:27.183 10 90836936
0,2 1,3 0,3 1,2 2,0 3,1 1,0 3,2 2,1 3,0 
2026-06-30 13:22:27.552 10 91455624
0,2 1,3 2,1 3,0 2,0 3,1 0,3 1,2 1,0 3,2 
2026-06-30 13:22:27.571 10 91486919
1,2 3,0 0,2 1,3 1,0 3,2 0,3 2,1 2,0 3,1 
2026-06-30 13:22:27.845 10 91949539
0,2 1,3 1,0 3,2 1,2 3,0 2,0 3,1 0,3 2,1 
2026-06-30 13:22:28.180 10 92514395
0,3 2,1 0,2 1,3 1,2 3,0 2,0 3,1 1,0 3,2 
2026-06-30 13:22:28.242 10 92618335
0,2 3,1 0,3 2,1 1,0 3,2 1,2 3,0 1,3 2,0 
2026-06-30 13:22:28.298 10 92712829
2,1 3,0 1,0 3,2 2,0 3,1 0,3 1,2 0,2 1,3 
2026-06-30 13:22:28.305 10 92724497
0,2 1,3 0,3 1,2 1,0 3,2 2,1 3,0 2,0 3,1 
2026-06-30 13:22:28.422 10 92921767
0,3 2,1 1,3 2,0 1,2 3,0 0,2 3,1 1,0 3,2 
2026-06-30 13:22:28.485 10 93028191
1,2 3,0 0,2 3,1 0,3 2,1 1,3 2,0 1,0 3,2 
2026-06-30 13:22:28.554 10 93144353
1,2 3,0 2,0 3,1 1,0 3,2 0,3 2,1 0,2 1,3 
2026-06-30 13:22:28.698 10 93386168
1,2 3,0 1,3 2,0 0,3 2,1 1,0 3,2 0,2 3,1 
2026-06-30 13:22:28.774 10 93514725
0,2 1,3 2,1 3,0 2,0 3,1 1,0 3,2 0,3 1,2 
2026-06-30 13:22:29.163 10 94168835
1,2 3,0 1,3 2,0 1,0 3,2 0,3 2,1 0,2 3,1 
2026-06-30 13:22:29.253 10 94321934
2,0 3,1 2,1 3,0 1,0 3,2 0,3 1,2 0,2 1,3 
2026-06-30 13:22:29.310 10 94418127
0,2 3,1 1,0 3,2 0,3 2,1 1,3 2,0 1,2 3,0 
2026-06-30 13:22:29.327 10 94446800
2,0 3,1 1,2 3,0 0,2 1,3 0,3 2,1 1,0 3,2 
2026-06-30 13:22:29.339 10 94465803
2,0 3,1 1,0 3,2 0,3 1,2 0,2 1,3 2,1 3,0 
2026-06-30 13:22:29.499 10 94737692
1,3 2,0 0,3 2,1 0,2 3,1 1,2 3,0 1,0 3,2 
2026-06-30 13:22:29.538 10 94803379
0,2 1,3 1,0 3,2 0,3 2,1 2,0 3,1 1,2 3,0 
2026-06-30 13:22:29.565 10 94849497
2,0 3,1 0,3 1,2 1,0 3,2 0,2 1,3 2,1 3,0 
2026-06-30 13:22:29.740 10 95143910
1,2 3,0 0,2 3,1 0,3 2,1 1,0 3,2 1,3 2,0 
2026-06-30 13:22:29.995 10 95574792
0,2 3,1 1,0 3,2 1,2 3,0 1,3 2,0 0,3 2,1 
2026-06-30 13:22:30.076 10 95711671
2,1 3,0 2,0 3,1 0,3 1,2 1,0 3,2 0,2 1,3 
2026-06-30 13:22:30.109 10 95767313
1,2 3,0 0,2 1,3 1,0 3,2 0,3 2,1 2,0 3,1 
2026-06-30 13:22:30.210 10 95936569
1,3 2,0 1,0 3,2 1,2 3,0 0,2 3,1 0,3 2,1 
2026-06-30 13:22:30.242 10 95989894
2,0 3,1 0,3 2,1 1,0 3,2 0,2 1,3 1,2 3,0 
2026-06-30 13:22:30.249 10 96002222
0,3 1,2 0,2 3,1 1,0 3,2 2,1 3,0 1,3 2,0 
2026-06-30 13:22:30.807 10 96944023
1,2 3,0 1,3 2,0 1,0 3,2 0,3 2,1 0,2 3,1 
2026-06-30 13:22:31.091 10 97424500
0,3 1,2 0,2 1,3 2,1 3,0 2,0 3,1 1,0 3,2 
2026-06-30 13:22:31.093 10 97428723
2,0 3,1 2,1 3,0 0,2 1,3 1,0 3,2 0,3 1,2 
2026-06-30 13:22:31.390 10 97920735
0,2 1,3 2,1 3,0 2,0 3,1 0,3 1,2 1,0 3,2 
2026-06-30 13:22:31.636 10 98329788
0,3 2,1 0,2 3,1 1,2 3,0 1,3 2,0 1,0 3,2 
2026-06-30 13:22:31.833 10 98655662
1,2 3,0 1,3 2,0 1,0 3,2 0,2 3,1 0,3 2,1 
2026-06-30 13:22:32.021 10 98969421
2,0 3,1 2,1 3,0 0,2 1,3 1,0 3,2 0,3 1,2 
2026-06-30 13:22:32.313 10 99456838
2,1 3,0 0,2 3,1 0,3 1,2 1,0 3,2 1,3 2,0 
2026-06-30 13:22:32.666 10 100038131
2,1 3,0 0,2 1,3 1,0 3,2 0,3 1,2 2,0 3,1 
2026-06-30 13:22:32.802 10 100264728
0,2 3,1 2,1 3,0 1,3 2,0 0,3 1,2 1,0 3,2 
2026-06-30 13:22:32.899 10 100426762
2,0 3,1 1,0 3,2 0,3 2,1 0,2 1,3 1,2 3,0 
2026-06-30 13:22:32.917 10 100457791
0,3 2,1 1,0 3,2 0,2 1,3 1,2 3,0 2,0 3,1 
2026-06-30 13:22:33.225 10 100970216
0,2 1,3 1,2 3,0 1,0 3,2 2,0 3,1 0,3 2,1 
2026-06-30 13:22:33.337 10 101157516
2,1 3,0 0,2 1,3 0,3 1,2 1,0 3,2 2,0 3,1 
2026-06-30 13:22:33.343 10 101168290
0,2 3,1 2,1 3,0 1,0 3,2 0,3 1,2 1,3 2,0 
2026-06-30 13:22:33.548 10 101509476
0,2 1,3 2,1 3,0 1,0 3,2 0,3 1,2 2,0 3,1 
2026-06-30 13:22:33.558 10 101527410
0,2 1,3 0,3 1,2 1,0 3,2 2,0 3,1 2,1 3,0 
2026-06-30 13:22:33.609 10 101611043
2,0 3,1 1,2 3,0 0,2 1,3 1,0 3,2 0,3 2,1 
2026-06-30 13:22:33.686 10 101739116
0,2 3,1 0,3 2,1 1,0 3,2 1,2 3,0 1,3 2,0 
2026-06-30 13:22:33.992 10 102244436
0,2 3,1 0,3 2,1 1,0 3,2 1,2 3,0 1,3 2,0 
2026-06-30 13:22:34.378 10 102887037
0,3 1,2 1,3 2,0 1,0 3,2 2,1 3,0 0,2 3,1 
2026-06-30 13:22:34.470 10 103041098
2,1 3,0 2,0 3,1 0,3 1,2 1,0 3,2 0,2 1,3 
2026-06-30 13:22:34.511 10 103109582
2,0 3,1 0,3 1,2 1,0 3,2 0,2 1,3 2,1 3,0 
2026-06-30 13:22:34.753 10 103513129
0,3 1,2 1,3 2,0 1,0 3,2 2,1 3,0 0,2 3,1 
2026-06-30 13:22:34.888 10 103736900
0,2 3,1 1,2 3,0 1,3 2,0 1,0 3,2 0,3 2,1 
2026-06-30 13:22:34.931 10 103808688
0,2 3,1 2,1 3,0 1,3 2,0 0,3 1,2 1,0 3,2 
2026-06-30 13:22:35.053 10 104011135
1,2 3,0 1,0 3,2 0,2 1,3 0,3 2,1 2,0 3,1 
2026-06-30 13:22:35.257 10 104351151
1,2 3,0 1,0 3,2 1,3 2,0 0,3 2,1 0,2 3,1 
2026-06-30 13:22:35.533 10 104813429
1,2 3,0 1,3 2,0 0,3 2,1 1,0 3,2 0,2 3,1 
2026-06-30 13:22:35.573 10 104877658
0,2 1,3 1,2 3,0 1,0 3,2 2,0 3,1 0,3 2,1 
2026-06-30 13:22:35.586 10 104900853
2,0 3,1 0,3 1,2 0,2 1,3 1,0 3,2 2,1 3,0 
2026-06-30 13:22:35.669 10 105035955
0,2 1,3 1,2 3,0 1,0 3,2 2,0 3,1 0,3 2,1 
2026-06-30 13:22:35.729 10 105136576
2,1 3,0 2,0 3,1 0,3 1,2 0,2 1,3 1,0 3,2 
2026-06-30 13:22:36.019 10 105619453
1,3 2,0 0,3 2,1 0,2 3,1 1,0 3,2 1,2 3,0 
2026-06-30 13:22:36.122 10 105790328
1,3 2,0 1,2 3,0 1,0 3,2 0,2 3,1 0,3 2,1 
2026-06-30 13:22:36.138 10 105816178
1,3 2,0 1,2 3,0 0,2 3,1 1,0 3,2 0,3 2,1 
2026-06-30 13:22:36.189 10 105902329
0,3 1,2 1,0 3,2 0,2 1,3 2,1 3,0 2,0 3,1 
2026-06-30 13:22:36.492 10 106405405
2,1 3,0 1,3 2,0 0,3 1,2 1,0 3,2 0,2 3,1 
2026-06-30 13:22:36.741 10 106820150
0,3 1,2 0,2 3,1 2,1 3,0 1,3 2,0 1,0 3,2 
2026-06-30 13:22:36.856 10 107012054
2,0 3,1 0,3 2,1 0,2 1,3 1,0 3,2 1,2 3,0 
2026-06-30 13:22:36.983 10 107224494
1,3 2,0 1,0 3,2 0,3 2,1 0,2 3,1 1,2 3,0 
2026-06-30 13:22:37.050 10 107335505
0,2 3,1 0,3 1,2 1,3 2,0 2,1 3,0 1,0 3,2 
2026-06-30 13:22:37.070 10 107368574
2,1 3,0 0,2 1,3 0,3 1,2 1,0 3,2 2,0 3,1 
2026-06-30 13:22:37.349 10 107832957
2,0 3,1 0,3 1,2 1,0 3,2 2,1 3,0 0,2 1,3 
2026-06-30 13:22:37.411 10 107935605
2,0 3,1 1,0 3,2 0,3 2,1 0,2 1,3 1,2 3,0 
2026-06-30 13:22:37.632 10 108304159
0,3 1,2 1,3 2,0 2,1 3,0 1,0 3,2 0,2 3,1 
2026-06-30 13:22:37.751 10 108504069
1,2 3,0 1,3 2,0 1,0 3,2 0,3 2,1 0,2 3,1 
2026-06-30 13:22:37.860 10 108685473
0,2 1,3 0,3 2,1 1,0 3,2 2,0 3,1 1,2 3,0 
2026-06-30 13:22:37.929 10 108800090
2,0 3,1 1,0 3,2 0,3 2,1 0,2 1,3 1,2 3,0 
2026-06-30 13:22:37.933 10 108805965
1,2 3,0 0,2 3,1 1,0 3,2 1,3 2,0 0,3 2,1 
2026-06-30 13:22:38.127 10 109129637
1,2 3,0 2,0 3,1 0,3 2,1 0,2 1,3 1,0 3,2 
2026-06-30 13:22:38.147 10 109162821
0,2 3,1 0,3 1,2 1,3 2,0 1,0 3,2 2,1 3,0 
2026-06-30 13:22:38.160 10 109184305
0,2 3,1 1,0 3,2 2,1 3,0 1,3 2,0 0,3 1,2 
2026-06-30 13:22:38.190 10 109235194
2,0 3,1 1,2 3,0 1,0 3,2 0,3 2,1 0,2 1,3 
2026-06-30 13:22:38.218 10 109281479
1,3 2,0 1,2 3,0 1,0 3,2 0,2 3,1 0,3 2,1 
2026-06-30 13:22:38.244 10 109324497
0,3 1,2 0,2 3,1 2,1 3,0 1,0 3,2 1,3 2,0 
2026-06-30 13:22:38.397 10 109579489
1,3 2,0 1,0 3,2 1,2 3,0 0,2 3,1 0,3 2,1 
2026-06-30 13:22:38.478 10 109713886
0,3 2,1 2,0 3,1 1,2 3,0 1,0 3,2 0,2 1,3 
2026-06-30 13:22:38.508 10 109762937
0,3 2,1 1,3 2,0 1,0 3,2 0,2 3,1 1,2 3,0 
2026-06-30 13:22:38.614 10 109939491
0,2 3,1 0,3 1,2 1,3 2,0 2,1 3,0 1,0 3,2 
2026-06-30 13:22:38.640 10 109983256
0,2 3,1 1,2 3,0 1,3 2,0 1,0 3,2 0,3 2,1 
2026-06-30 13:22:38.977 10 110543969
2,1 3,0 1,3 2,0 1,0 3,2 0,3 1,2 0,2 3,1 
2026-06-30 13:22:38.980 10 110548691
2,0 3,1 0,3 2,1 1,0 3,2 0,2 1,3 1,2 3,0 
2026-06-30 13:22:39.316 10 111109349
2,1 3,0 1,3 2,0 1,0 3,2 0,3 1,2 0,2 3,1 
2026-06-30 13:22:39.324 10 111122810
0,2 3,1 1,0 3,2 1,2 3,0 1,3 2,0 0,3 2,1 
2026-06-30 13:22:39.696 10 111740117
0,3 2,1 1,0 3,2 2,0 3,1 1,2 3,0 0,2 1,3 
2026-06-30 13:22:39.747 10 111825654
0,3 1,2 2,0 3,1 1,0 3,2 2,1 3,0 0,2 1,3 
2026-06-30 13:22:39.776 10 111874897
1,3 2,0 1,0 3,2 0,3 2,1 0,2 3,1 1,2 3,0 
2026-06-30 13:22:39.798 10 111911178
0,2 1,3 1,0 3,2 2,1 3,0 2,0 3,1 0,3 1,2 
2026-06-30 13:22:40.079 10 112380178
0,2 1,3 0,3 1,2 1,0 3,2 2,0 3,1 2,1 3,0 
2026-06-30 13:22:40.107 10 112426820
2,1 3,0 1,0 3,2 0,2 3,1 0,3 1,2 1,3 2,0 
2026-06-30 13:22:40.189 10 112563926
1,3 2,0 1,2 3,0 0,2 3,1 0,3 2,1 1,0 3,2 
2026-06-30 13:22:40.490 10 113070257
0,3 1,2 1,0 3,2 1,3 2,0 2,1 3,0 0,2 3,1 
2026-06-30 13:22:40.585 10 113230427
2,0 3,1 2,1 3,0 1,0 3,2 0,3 1,2 0,2 1,3 
2026-06-30 13:22:40.619 10 113289051
0,2 1,3 0,3 2,1 2,0 3,1 1,2 3,0 1,0 3,2 
2026-06-30 13:22:40.697 10 113420101
1,2 3,0 0,2 1,3 0,3 2,1 2,0 3,1 1,0 3,2 
2026-06-30 13:22:40.717 10 113454248
2,0 3,1 0,3 2,1 0,2 1,3 1,0 3,2 1,2 3,0 
2026-06-30 13:22:40.824 10 113636672
0,3 2,1 1,0 3,2 2,0 3,1 1,2 3,0 0,2 1,3 
2026-06-30 13:22:41.133 10 114155482
1,2 3,0 0,2 1,3 0,3 2,1 2,0 3,1 1,0 3,2 
2026-06-30 13:22:41.460 10 114711204
0,3 1,2 2,0 3,1 2,1 3,0 1,0 3,2 0,2 1,3 
2026-06-30 13:22:41.998 10 115617112
2,0 3,1 2,1 3,0 0,2 1,3 0,3 1,2 1,0 3,2 
2026-06-30 13:22:42.115 10 115805758
2,0 3,1 1,0 3,2 0,3 2,1 0,2 1,3 1,2 3,0 
2026-06-30 13:22:42.134 10 115837371
2,1 3,0 0,2 3,1 1,0 3,2 1,3 2,0 0,3 1,2 
2026-06-30 13:22:42.706 10 116803867
2,0 3,1 1,0 3,2 0,3 1,2 0,2 1,3 2,1 3,0 
2026-06-30 13:22:42.754 10 116884479
0,2 1,3 1,2 3,0 2,0 3,1 1,0 3,2 0,3 2,1 
2026-06-30 13:22:42.760 10 116893601
0,2 1,3 0,3 1,2 1,0 3,2 2,1 3,0 2,0 3,1 
2026-06-30 13:22:42.807 10 116973680
0,3 1,2 0,2 1,3 2,1 3,0 2,0 3,1 1,0 3,2 
2026-06-30 13:22:43.026 10 117342793
0,3 2,1 1,0 3,2 1,3 2,0 1,2 3,0 0,2 3,1 
2026-06-30 13:22:43.108 10 117479884
2,1 3,0 1,3 2,0 1,0 3,2 0,3 1,2 0,2 3,1 
2026-06-30 13:22:43.161 10 117568934
0,3 2,1 1,0 3,2 1,3 2,0 1,2 3,0 0,2 3,1 
2026-06-30 13:22:43.385 10 117946549
0,3 2,1 0,2 3,1 1,2 3,0 1,0 3,2 1,3 2,0 
2026-06-30 13:22:43.623 10 118345354
1,2 3,0 0,2 1,3 1,0 3,2 2,0 3,1 0,3 2,1 
2026-06-30 13:22:43.795 10 118635235
0,3 2,1 0,2 1,3 1,0 3,2 1,2 3,0 2,0 3,1 
2026-06-30 13:22:43.832 10 118697000
0,2 3,1 0,3 1,2 1,3 2,0 2,1 3,0 1,0 3,2 
2026-06-30 13:22:43.839 10 118709250
0,3 2,1 1,3 2,0 1,0 3,2 1,2 3,0 0,2 3,1 
2026-06-30 13:22:43.969 10 118928312
2,0 3,1 1,0 3,2 2,1 3,0 0,2 1,3 0,3 1,2 
2026-06-30 13:22:44.230 10 119372154
0,2 1,3 2,1 3,0 1,0 3,2 0,3 1,2 2,0 3,1 
2026-06-30 13:22:44.399 10 119655880
2,0 3,1 1,0 3,2 0,3 1,2 0,2 1,3 2,1 3,0 
2026-06-30 13:22:44.815 10 120358671
2,1 3,0 0,2 3,1 0,3 1,2 1,3 2,0 1,0 3,2 
2026-06-30 13:22:45.035 10 120729601
1,3 2,0 0,3 1,2 0,2 3,1 1,0 3,2 2,1 3,0 
2026-06-30 13:22:45.068 10 120785653
0,3 2,1 1,3 2,0 1,0 3,2 0,2 3,1 1,2 3,0 
2026-06-30 13:22:45.286 10 121156447
2,1 3,0 2,0 3,1 1,0 3,2 0,3 1,2 0,2 1,3 
2026-06-30 13:22:45.327 10 121225195
0,2 3,1 1,2 3,0 1,3 2,0 1,0 3,2 0,3 2,1 
2026-06-30 13:22:45.389 10 121331799
2,0 3,1 1,0 3,2 2,1 3,0 0,2 1,3 0,3 1,2 
2026-06-30 13:22:45.475 10 121477552
0,3 1,2 2,0 3,1 2,1 3,0 1,0 3,2 0,2 1,3 
2026-06-30 13:22:45.521 10 121553884
0,3 1,2 1,3 2,0 1,0 3,2 0,2 3,1 2,1 3,0 
2026-06-30 13:22:45.751 10 121943282
2,1 3,0 0,2 1,3 1,0 3,2 2,0 3,1 0,3 1,2 
2026-06-30 13:22:45.893 10 122181542
0,3 1,2 0,2 3,1 1,0 3,2 2,1 3,0 1,3 2,0 
2026-06-30 13:22:45.996 10 122355219
0,2 1,3 0,3 1,2 2,0 3,1 2,1 3,0 1,0 3,2 
2026-06-30 13:22:45.998 10 122358744
1,3 2,0 0,3 2,1 0,2 3,1 1,2 3,0 1,0 3,2 
2026-06-30 13:22:46.098 10 122528759
2,1 3,0 0,2 1,3 1,0 3,2 2,0 3,1 0,3 1,2 
2026-06-30 13:22:46.149 10 122614971
0,3 2,1 1,3 2,0 1,0 3,2 0,2 3,1 1,2 3,0 
2026-06-30 13:22:46.275 10 122828606
0,2 3,1 0,3 1,2 1,0 3,2 2,1 3,0 1,3 2,0 
2026-06-30 13:22:46.311 10 122888753
0,2 1,3 2,1 3,0 1,0 3,2 2,0 3,1 0,3 1,2 
2026-06-30 13:22:46.837 10 123779355
0,3 1,2 0,2 3,1 2,1 3,0 1,3 2,0 1,0 3,2 
2026-06-30 13:22:46.868 10 123830314
2,1 3,0 0,2 1,3 0,3 1,2 1,0 3,2 2,0 3,1 
2026-06-30 13:22:46.898 10 123881650
2,1 3,0 2,0 3,1 0,3 1,2 0,2 1,3 1,0 3,2 
2026-06-30 13:22:46.909 10 123899016
2,0 3,1 1,0 3,2 0,3 1,2 0,2 1,3 2,1 3,0 
2026-06-30 13:22:47.056 10 124146686
0,2 1,3 2,1 3,0 1,0 3,2 0,3 1,2 2,0 3,1 
2026-06-30 13:22:47.145 10 124297033
1,3 2,0 0,3 1,2 1,0 3,2 0,2 3,1 2,1 3,0 
2026-06-30 13:22:47.156 10 124314839
0,3 1,2 0,2 1,3 1,0 3,2 2,0 3,1 2,1 3,0 
2026-06-30 13:22:47.167 10 124333727
0,3 2,1 0,2 1,3 1,2 3,0 1,0 3,2 2,0 3,1 
2026-06-30 13:22:47.187 10 124367381
0,2 3,1 0,3 1,2 1,3 2,0 2,1 3,0 1,0 3,2 
2026-06-30 13:22:47.257 10 124486320
0,3 2,1 2,0 3,1 1,0 3,2 1,2 3,0 0,2 1,3 
2026-06-30 13:22:47.289 10 124540177
1,2 3,0 1,0 3,2 1,3 2,0 0,3 2,1 0,2 3,1 
2026-06-30 13:22:47.336 10 124618803
0,2 3,1 0,3 2,1 1,0 3,2 1,3 2,0 1,2 3,0 
2026-06-30 13:22:47.656 10 125160225
2,1 3,0 1,0 3,2 0,2 3,1 0,3 1,2 1,3 2,0 
2026-06-30 13:22:48.135 10 125966447
0,2 1,3 2,1 3,0 1,0 3,2 2,0 3,1 0,3 1,2 
2026-06-30 13:22:48.147 10 125987548
0,2 3,1 0,3 1,2 1,3 2,0 1,0 3,2 2,1 3,0 
2026-06-30 13:22:48.200 10 126075950
1,2 3,0 1,3 2,0 0,3 2,1 1,0 3,2 0,2 3,1 
2026-06-30 13:22:48.211 10 126096028
2,0 3,1 0,3 2,1 0,2 1,3 1,0 3,2 1,2 3,0 
2026-06-30 13:22:48.380 10 126379301
0,3 1,2 1,0 3,2 0,2 1,3 2,1 3,0 2,0 3,1 
2026-06-30 13:22:48.401 10 126413874
1,2 3,0 0,2 3,1 1,0 3,2 0,3 2,1 1,3 2,0 
2026-06-30 13:22:48.510 10 126597583
0,3 2,1 0,2 3,1 1,2 3,0 1,0 3,2 1,3 2,0 
2026-06-30 13:22:48.717 10 126945915
2,1 3,0 1,0 3,2 0,2 1,3 0,3 1,2 2,0 3,1 
2026-06-30 13:22:48.721 10 126953110
2,0 3,1 1,0 3,2 0,3 1,2 0,2 1,3 2,1 3,0 
2026-06-30 13:22:48.750 10 127000995
1,3 2,0 0,3 1,2 1,0 3,2 0,2 3,1 2,1 3,0 
2026-06-30 13:22:49.372 10 128055870
2,1 3,0 0,2 1,3 1,0 3,2 2,0 3,1 0,3 1,2 
2026-06-30 13:22:49.405 10 128112927
2,1 3,0 2,0 3,1 1,0 3,2 0,2 1,3 0,3 1,2 
2026-06-30 13:22:49.506 10 128283602
1,2 3,0 0,2 3,1 0,3 2,1 1,0 3,2 1,3 2,0 
2026-06-30 13:22:49.622 10 128480372
1,2 3,0 1,0 3,2 2,0 3,1 0,3 2,1 0,2 1,3 
2026-06-30 13:22:49.639 10 128508319
1,2 3,0 2,0 3,1 1,0 3,2 0,2 1,3 0,3 2,1 
2026-06-30 13:22:49.719 10 128645326
1,2 3,0 2,0 3,1 0,3 2,1 0,2 1,3 1,0 3,2 
2026-06-30 13:22:49.808 10 128796516
0,3 2,1 2,0 3,1 1,2 3,0 1,0 3,2 0,2 1,3 
2026-06-30 13:22:50.249 10 129538481
0,2 1,3 1,2 3,0 1,0 3,2 2,0 3,1 0,3 2,1 
2026-06-30 13:22:50.473 10 129917279
0,3 2,1 2,0 3,1 1,0 3,2 0,2 1,3 1,2 3,0 
2026-06-30 13:22:50.479 10 129926859
0,3 1,2 1,3 2,0 1,0 3,2 2,1 3,0 0,2 3,1 
2026-06-30 13:22:50.502 10 129965918
0,2 3,1 1,2 3,0 1,0 3,2 1,3 2,0 0,3 2,1 
2026-06-30 13:22:50.661 10 130233689
2,1 3,0 0,2 1,3 0,3 1,2 2,0 3,1 1,0 3,2 
2026-06-30 13:22:50.720 10 130333991
2,1 3,0 0,2 1,3 0,3 1,2 2,0 3,1 1,0 3,2 
2026-06-30 13:22:50.922 10 130672764
0,3 2,1 0,2 1,3 1,2 3,0 1,0 3,2 2,0 3,1 
2026-06-30 13:22:51.004 10 130810122
2,1 3,0 1,3 2,0 1,0 3,2 0,3 1,2 0,2 3,1 
2026-06-30 13:22:51.047 10 130882464
2,0 3,1 1,0 3,2 1,2 3,0 0,2 1,3 0,3 2,1 
2026-06-30 13:22:51.447 10 131556838
1,3 2,0 0,3 2,1 1,0 3,2 0,2 3,1 1,2 3,0 
2026-06-30 13:22:51.730 10 132030678
2,1 3,0 1,3 2,0 1,0 3,2 0,3 1,2 0,2 3,1 
2026-06-30 13:22:51.766 10 132092427
2,0 3,1 1,2 3,0 1,0 3,2 0,2 1,3 0,3 2,1 
2026-06-30 13:22:51.941 10 132387229
0,3 1,2 1,3 2,0 2,1 3,0 1,0 3,2 0,2 3,1 
2026-06-30 13:22:52.404 10 133162843
0,3 2,1 2,0 3,1 1,0 3,2 0,2 1,3 1,2 3,0 
2026-06-30 13:22:52.482 10 133292877
1,3 2,0 1,2 3,0 1,0 3,2 0,3 2,1 0,2 3,1 
2026-06-30 13:22:52.536 10 133383062
1,2 3,0 0,2 1,3 1,0 3,2 2,0 3,1 0,3 2,1 
2026-06-30 13:22:52.679 10 133624890
0,2 1,3 0,3 2,1 2,0 3,1 1,2 3,0 1,0 3,2 
2026-06-30 13:22:52.717 10 133689392
1,2 3,0 0,2 1,3 1,0 3,2 0,3 2,1 2,0 3,1 
2026-06-30 13:22:52.804 10 133837263
1,2 3,0 0,2 1,3 0,3 2,1 2,0 3,1 1,0 3,2 
2026-06-30 13:22:52.884 10 133971346
1,2 3,0 1,3 2,0 0,3 2,1 1,0 3,2 0,2 3,1 
2026-06-30 13:22:52.892 10 133984627
0,2 1,3 0,3 1,2 2,0 3,1 1,0 3,2 2,1 3,0 
2026-06-30 13:22:52.898 10 133994791
0,2 1,3 2,1 3,0 1,0 3,2 2,0 3,1 0,3 1,2 
2026-06-30 13:22:53.012 10 134185844
1,3 2,0 1,0 3,2 0,3 2,1 0,2 3,1 1,2 3,0 
2026-06-30 13:22:53.523 10 135046094
0,3 2,1 1,3 2,0 1,2 3,0 0,2 3,1 1,0 3,2 
2026-06-30 13:22:53.533 10 135062916
2,1 3,0 1,0 3,2 1,3 2,0 0,3 1,2 0,2 3,1 
2026-06-30 13:22:53.643 10 135249057
1,2 3,0 0,2 3,1 1,0 3,2 1,3 2,0 0,3 2,1 
2026-06-30 13:22:53.676 10 135304227
2,1 3,0 2,0 3,1 1,0 3,2 0,2 1,3 0,3 1,2 
2026-06-30 13:22:54.171 10 136139027
1,2 3,0 0,2 3,1 0,3 2,1 1,3 2,0 1,0 3,2 
2026-06-30 13:22:54.175 10 136145408
1,2 3,0 1,3 2,0 0,3 2,1 0,2 3,1 1,0 3,2 
2026-06-30 13:22:54.551 10 136777450
1,2 3,0 1,3 2,0 0,3 2,1 0,2 3,1 1,0 3,2 
2026-06-30 13:22:54.723 10 137067429
2,0 3,1 1,2 3,0 1,0 3,2 0,3 2,1 0,2 1,3 
2026-06-30 13:22:54.724 10 137067902
0,3 2,1 0,2 3,1 1,2 3,0 1,0 3,2 1,3 2,0 
2026-06-30 13:22:54.805 10 137204387
1,2 3,0 0,2 3,1 0,3 2,1 1,0 3,2 1,3 2,0 
2026-06-30 13:22:55.341 10 138102148
1,3 2,0 0,3 2,1 1,0 3,2 1,2 3,0 0,2 3,1 
2026-06-30 13:22:55.363 10 138138751
1,3 2,0 2,1 3,0 1,0 3,2 0,2 3,1 0,3 1,2 
2026-06-30 13:22:55.534 10 138425641
0,3 1,2 2,0 3,1 1,0 3,2 0,2 1,3 2,1 3,0 
2026-06-30 13:22:55.658 10 138636460
0,2 1,3 2,1 3,0 2,0 3,1 1,0 3,2 0,3 1,2 
2026-06-30 13:22:56.100 10 139380343
0,2 1,3 0,3 1,2 1,0 3,2 2,1 3,0 2,0 3,1 
2026-06-30 13:22:56.117 10 139408006
2,0 3,1 1,2 3,0 1,0 3,2 0,3 2,1 0,2 1,3 
2026-06-30 13:22:56.195 10 139538985
2,1 3,0 1,3 2,0 0,3 1,2 0,2 3,1 1,0 3,2 
2026-06-30 13:22:56.789 10 140540192
2,1 3,0 1,0 3,2 2,0 3,1 0,3 1,2 0,2 1,3 
2026-06-30 13:22:56.903 10 140732602
1,3 2,0 2,1 3,0 1,0 3,2 0,2 3,1 0,3 1,2 
2026-06-30 13:22:57.065 10 140993659
0,2 3,1 1,2 3,0 1,3 2,0 0,3 2,1 1,0 3,2 
2026-06-30 13:22:57.448 10 141639680
0,3 2,1 2,0 3,1 1,0 3,2 0,2 1,3 1,2 3,0 
2026-06-30 13:22:57.470 10 141676535
0,3 1,2 1,3 2,0 1,0 3,2 2,1 3,0 0,2 3,1 
2026-06-30 13:22:57.675 10 142021550
0,2 1,3 1,2 3,0 1,0 3,2 0,3 2,1 2,0 3,1 
2026-06-30 13:22:57.710 10 142080311
0,3 1,2 0,2 1,3 2,1 3,0 1,0 3,2 2,0 3,1 
2026-06-30 13:22:57.728 10 142110336
0,2 1,3 1,2 3,0 1,0 3,2 0,3 2,1 2,0 3,1 
2026-06-30 13:22:57.871 10 142351289
1,2 3,0 0,2 3,1 1,0 3,2 0,3 2,1 1,3 2,0 
2026-06-30 13:22:58.308 10 143084143
0,2 1,3 0,3 1,2 1,0 3,2 2,1 3,0 2,0 3,1 
2026-06-30 13:22:58.341 10 143139882
1,2 3,0 0,2 1,3 0,3 2,1 2,0 3,1 1,0 3,2 
2026-06-30 13:22:58.414 10 143261417
0,2 1,3 2,1 3,0 2,0 3,1 1,0 3,2 0,3 1,2 
2026-06-30 13:22:58.450 10 143322167
2,0 3,1 2,1 3,0 0,2 1,3 1,0 3,2 0,3 1,2 
2026-06-30 13:22:58.480 10 143373274
0,2 1,3 0,3 2,1 2,0 3,1 1,0 3,2 1,2 3,0 
2026-06-30 13:22:58.547 10 143486177
2,0 3,1 2,1 3,0 1,0 3,2 0,2 1,3 0,3 1,2 
2026-06-30 13:22:58.777 10 143874514
0,3 2,1 2,0 3,1 1,2 3,0 1,0 3,2 0,2 1,3 
2026-06-30 13:22:58.927 10 144125643
1,3 2,0 2,1 3,0 0,2 3,1 0,3 1,2 1,0 3,2 
2026-06-30 13:22:59.114 10 144440565
0,3 2,1 2,0 3,1 1,2 3,0 0,2 1,3 1,0 3,2 
2026-06-30 13:22:59.397 10 144918890
0,3 1,2 0,2 3,1 1,0 3,2 1,3 2,0 2,1 3,0 
2026-06-30 13:22:59.666 10 145372452
0,3 2,1 2,0 3,1 1,2 3,0 0,2 1,3 1,0 3,2 
2026-06-30 13:22:59.815 10 145624909
1,3 2,0 0,3 2,1 1,0 3,2 1,2 3,0 0,2 3,1 
2026-06-30 13:23:00.203 10 146279618
0,3 1,2 1,3 2,0 2,1 3,0 0,2 3,1 1,0 3,2 
2026-06-30 13:23:00.233 10 146329199
1,3 2,0 0,3 2,1 1,0 3,2 1,2 3,0 0,2 3,1 
2026-06-30 13:23:00.659 10 147048176
2,0 3,1 1,2 3,0 1,0 3,2 0,3 2,1 0,2 1,3 
2026-06-30 13:23:00.716 10 147143732
0,2 3,1 2,1 3,0 1,3 2,0 0,3 1,2 1,0 3,2 
2026-06-30 13:23:00.718 10 147146991
0,2 3,1 0,3 1,2 1,3 2,0 1,0 3,2 2,1 3,0 
2026-06-30 13:23:00.759 10 147215935
0,2 3,1 1,0 3,2 1,2 3,0 1,3 2,0 0,3 2,1 
2026-06-30 13:23:00.823 10 147324803
1,2 3,0 0,2 1,3 0,3 2,1 1,0 3,2 2,0 3,1 
2026-06-30 13:23:00.985 10 147597168
0,2 1,3 0,3 1,2 2,0 3,1 2,1 3,0 1,0 3,2 
2026-06-30 13:23:01.008 10 147635167
0,3 1,2 0,2 3,1 2,1 3,0 1,0 3,2 1,3 2,0 
2026-06-30 13:23:01.051 10 147708466
2,1 3,0 1,3 2,0 1,0 3,2 0,2 3,1 0,3 1,2 
2026-06-30 13:23:01.315 10 148150344
2,0 3,1 1,0 3,2 1,2 3,0 0,2 1,3 0,3 2,1 
2026-06-30 13:23:01.538 10 148526177
1,2 3,0 0,2 1,3 1,0 3,2 0,3 2,1 2,0 3,1 
2026-06-30 13:23:01.576 10 148590533
0,2 1,3 0,3 2,1 1,0 3,2 1,2 3,0 2,0 3,1 
2026-06-30 13:23:01.695 10 148790037
0,3 2,1 0,2 3,1 1,2 3,0 1,0 3,2 1,3 2,0 
2026-06-30 13:23:01.846 10 149045731
1,2 3,0 0,2 3,1 1,0 3,2 0,3 2,1 1,3 2,0 
2026-06-30 13:23:01.978 10 149268151
2,0 3,1 2,1 3,0 0,2 1,3 0,3 1,2 1,0 3,2 
2026-06-30 13:23:02.047 10 149384026
1,3 2,0 0,3 1,2 0,2 3,1 1,0 3,2 2,1 3,0 
2026-06-30 13:23:02.100 10 149473447
0,2 1,3 0,3 2,1 2,0 3,1 1,0 3,2 1,2 3,0 
2026-06-30 13:23:02.190 10 149623639
1,2 3,0 2,0 3,1 0,3 2,1 0,2 1,3 1,0 3,2 
2026-06-30 13:23:02.427 10 150026081
0,2 1,3 0,3 1,2 1,0 3,2 2,0 3,1 2,1 3,0 
2026-06-30 13:23:02.562 10 150255252
0,2 1,3 2,1 3,0 1,0 3,2 2,0 3,1 0,3 1,2 
2026-06-30 13:23:02.568 10 150264255
0,3 2,1 1,0 3,2 2,0 3,1 1,2 3,0 0,2 1,3 
2026-06-30 13:23:02.626 10 150363183
0,2 3,1 1,0 3,2 0,3 2,1 1,3 2,0 1,2 3,0 
2026-06-30 13:23:02.663 10 150425763
0,2 1,3 0,3 1,2 2,0 3,1 2,1 3,0 1,0 3,2 
2026-06-30 13:23:02.779 10 150621359
2,0 3,1 1,0 3,2 0,3 2,1 0,2 1,3 1,2 3,0 
2026-06-30 13:23:02.911 10 150842337
2,1 3,0 0,2 3,1 0,3 1,2 1,0 3,2 1,3 2,0 
2026-06-30 13:23:03.370 10 151617216
0,3 2,1 2,0 3,1 1,0 3,2 1,2 3,0 0,2 1,3 
2026-06-30 13:23:03.697 10 152166462
0,2 1,3 2,1 3,0 2,0 3,1 0,3 1,2 1,0 3,2 
2026-06-30 13:23:03.789 10 152322013
2,1 3,0 1,3 2,0 1,0 3,2 0,2 3,1 0,3 1,2 
2026-06-30 13:23:03.946 10 152587111
0,2 3,1 0,3 1,2 1,3 2,0 1,0 3,2 2,1 3,0 
2026-06-30 13:23:04.054 10 152769215
1,3 2,0 2,1 3,0 1,0 3,2 0,3 1,2 0,2 3,1 
2026-06-30 13:23:04.125 10 152888769
2,0 3,1 2,1 3,0 1,0 3,2 0,3 1,2 0,2 1,3 
2026-06-30 13:23:04.151 10 152933329
1,3 2,0 0,3 2,1 0,2 3,1 1,0 3,2 1,2 3,0 
2026-06-30 13:23:04.308 10 153197228
2,1 3,0 1,0 3,2 2,0 3,1 0,3 1,2 0,2 1,3 
2026-06-30 13:23:04.470 10 153470235
2,1 3,0 0,2 3,1 1,0 3,2 1,3 2,0 0,3 1,2 
2026-06-30 13:23:04.472 10 153474906
1,2 3,0 0,2 1,3 1,0 3,2 2,0 3,1 0,3 2,1 
2026-06-30 13:23:04.848 10 154111026
0,2 3,1 1,2 3,0 1,0 3,2 0,3 2,1 1,3 2,0 
2026-06-30 13:23:04.857 10 154125801
0,2 3,1 1,2 3,0 1,3 2,0 1,0 3,2 0,3 2,1 
2026-06-30 13:23:04.858 10 154126433
0,3 2,1 0,2 3,1 1,0 3,2 1,3 2,0 1,2 3,0 
2026-06-30 13:23:04.885 10 154172562
0,3 2,1 0,2 3,1 1,2 3,0 1,0 3,2 1,3 2,0 
2026-06-30 13:23:05.201 10 154707091
0,3 1,2 1,3 2,0 2,1 3,0 0,2 3,1 1,0 3,2 
2026-06-30 13:23:05.481 10 155174175
1,3 2,0 0,3 2,1 1,0 3,2 1,2 3,0 0,2 3,1 
2026-06-30 13:23:05.486 10 155183198
2,1 3,0 1,3 2,0 0,3 1,2 1,0 3,2 0,2 3,1 
2026-06-30 13:23:05.494 10 155196414
2,0 3,1 0,3 1,2 1,0 3,2 0,2 1,3 2,1 3,0 
2026-06-30 13:23:05.661 10 155475671
1,2 3,0 1,3 2,0 0,3 2,1 0,2 3,1 1,0 3,2 
2026-06-30 13:23:05.718 10 155571098
2,0 3,1 0,3 2,1 0,2 1,3 1,2 3,0 1,0 3,2 
2026-06-30 13:23:05.772 10 155662338
1,2 3,0 0,2 1,3 1,0 3,2 2,0 3,1 0,3 2,1 
2026-06-30 13:23:05.810 10 155725853
2,0 3,1 1,0 3,2 0,3 1,2 0,2 1,3 2,1 3,0 
2026-06-30 13:23:05.859 10 155807440
2,1 3,0 2,0 3,1 1,0 3,2 0,2 1,3 0,3 1,2 
2026-06-30 13:23:05.929 10 155925594
1,3 2,0 2,1 3,0 1,0 3,2 0,2 3,1 0,3 1,2 
2026-06-30 13:23:05.941 10 155945458
1,2 3,0 2,0 3,1 0,3 2,1 1,0 3,2 0,2 1,3 
2026-06-30 13:23:05.983 10 156017313
0,3 2,1 1,3 2,0 1,0 3,2 0,2 3,1 1,2 3,0 
2026-06-30 13:23:06.058 10 156145111
2,0 3,1 1,2 3,0 1,0 3,2 0,3 2,1 0,2 1,3 
2026-06-30 13:23:06.084 10 156187921
0,2 1,3 1,2 3,0 1,0 3,2 0,3 2,1 2,0 3,1 
2026-06-30 13:23:06.141 10 156284378
2,1 3,0 1,0 3,2 2,0 3,1 0,3 1,2 0,2 1,3 
2026-06-30 13:23:06.290 10 156537117
2,0 3,1 1,2 3,0 1,0 3,2 0,3 2,1 0,2 1,3 
2026-06-30 13:23:06.400 10 156722404
0,2 3,1 1,2 3,0 1,0 3,2 1,3 2,0 0,3 2,1 
2026-06-30 13:23:06.449 10 156806864
2,1 3,0 1,3 2,0 0,3 1,2 1,0 3,2 0,2 3,1 
2026-06-30 13:23:06.547 10 156972182
1,3 2,0 1,2 3,0 0,2 3,1 0,3 2,1 1,0 3,2 
2026-06-30 13:23:06.872 10 157522609
0,3 2,1 0,2 1,3 1,2 3,0 1,0 3,2 2,0 3,1 
2026-06-30 13:23:06.886 10 157547029
2,1 3,0 2,0 3,1 0,3 1,2 0,2 1,3 1,0 3,2 
2026-06-30 13:23:06.964 10 157678723
0,2 3,1 0,3 2,1 1,0 3,2 1,2 3,0 1,3 2,0 
2026-06-30 13:23:07.607 10 158767514
0,3 1,2 1,3 2,0 1,0 3,2 0,2 3,1 2,1 3,0 
2026-06-30 13:23:07.835 10 159152860
1,3 2,0 1,2 3,0 0,2 3,1 0,3 2,1 1,0 3,2 
2026-06-30 13:23:07.837 10 159155722
2,1 3,0 0,2 1,3 0,3 1,2 1,0 3,2 2,0 3,1 
2026-06-30 13:23:07.921 10 159299219
0,3 1,2 1,3 2,0 2,1 3,0 1,0 3,2 0,2 3,1 
2026-06-30 13:23:07.981 10 159400421
0,3 2,1 1,3 2,0 1,0 3,2 1,2 3,0 0,2 3,1 
2026-06-30 13:23:07.990 10 159415300
0,2 3,1 2,1 3,0 1,3 2,0 0,3 1,2 1,0 3,2 
2026-06-30 13:23:08.025 10 159474312
0,3 1,2 1,3 2,0 2,1 3,0 0,2 3,1 1,0 3,2 
2026-06-30 13:23:08.199 10 159769097
2,0 3,1 1,2 3,0 1,0 3,2 0,2 1,3 0,3 2,1 
2026-06-30 13:23:08.355 10 160032547
1,3 2,0 2,1 3,0 1,0 3,2 0,2 3,1 0,3 1,2 
2026-06-30 13:23:08.494 10 160268964
2,0 3,1 2,1 3,0 0,2 1,3 1,0 3,2 0,3 1,2 
2026-06-30 13:23:08.541 10 160347997
2,0 3,1 1,2 3,0 1,0 3,2 0,2 1,3 0,3 2,1 
2026-06-30 13:23:08.633 10 160503770
2,0 3,1 1,0 3,2 1,2 3,0 0,2 1,3 0,3 2,1 
2026-06-30 13:23:08.719 10 160648826
2,0 3,1 1,2 3,0 0,2 1,3 0,3 2,1 1,0 3,2 
2026-06-30 13:23:08.725 10 160659448
0,2 3,1 2,1 3,0 1,3 2,0 0,3 1,2 1,0 3,2 
2026-06-30 13:23:08.830 10 160836805
1,3 2,0 0,3 2,1 0,2 3,1 1,0 3,2 1,2 3,0 
2026-06-30 13:23:08.978 10 161087957
0,3 1,2 1,0 3,2 2,0 3,1 2,1 3,0 0,2 1,3 
2026-06-30 13:23:09.312 10 161653700
2,0 3,1 1,2 3,0 0,2 1,3 0,3 2,1 1,0 3,2 
2026-06-30 13:23:09.371 10 161755143
1,3 2,0 0,3 2,1 1,0 3,2 1,2 3,0 0,2 3,1 
2026-06-30 13:23:09.589 10 162123171
0,2 1,3 1,2 3,0 2,0 3,1 1,0 3,2 0,3 2,1 
2026-06-30 13:23:09.602 10 162145932
0,3 2,1 0,2 1,3 1,2 3,0 2,0 3,1 1,0 3,2 
2026-06-30 13:23:09.669 10 162258311
1,3 2,0 1,2 3,0 0,2 3,1 1,0 3,2 0,3 2,1 
2026-06-30 13:23:09.704 10 162319449
0,2 1,3 2,1 3,0 1,0 3,2 0,3 1,2 2,0 3,1 
2026-06-30 13:23:09.732 10 162365995
0,3 2,1 0,2 3,1 1,0 3,2 1,3 2,0 1,2 3,0 
2026-06-30 13:23:09.910 10 162669075
1,2 3,0 1,3 2,0 0,3 2,1 0,2 3,1 1,0 3,2 
2026-06-30 13:23:09.926 10 162693929
0,2 3,1 0,3 1,2 1,3 2,0 1,0 3,2 2,1 3,0 
2026-06-30 13:23:10.031 10 162870725
0,2 1,3 2,1 3,0 1,0 3,2 0,3 1,2 2,0 3,1 
2026-06-30 13:23:10.356 10 163417966
1,2 3,0 0,2 3,1 1,0 3,2 1,3 2,0 0,3 2,1 
2026-06-30 13:23:10.438 10 163555793
2,1 3,0 0,2 3,1 1,0 3,2 1,3 2,0 0,3 1,2 
2026-06-30 13:23:10.513 10 163682301
0,3 2,1 1,0 3,2 0,2 3,1 1,2 3,0 1,3 2,0 
2026-06-30 13:23:10.579 10 163793487
0,3 2,1 2,0 3,1 1,0 3,2 0,2 1,3 1,2 3,0 
2026-06-30 13:23:10.602 10 163831343
0,3 1,2 0,2 3,1 1,0 3,2 1,3 2,0 2,1 3,0 
2026-06-30 13:23:10.674 10 163954429
1,3 2,0 0,3 2,1 0,2 3,1 1,2 3,0 1,0 3,2 
2026-06-30 13:23:10.713 10 164020267
2,0 3,1 0,3 1,2 0,2 1,3 1,0 3,2 2,1 3,0 
2026-06-30 13:23:10.831 10 164219883
2,0 3,1 0,3 2,1 0,2 1,3 1,2 3,0 1,0 3,2 
2026-06-30 13:23:10.856 10 164263443
0,2 3,1 0,3 1,2 1,3 2,0 1,0 3,2 2,1 3,0 
2026-06-30 13:23:10.968 10 164452486
0,3 2,1 0,2 1,3 1,2 3,0 1,0 3,2 2,0 3,1 
2026-06-30 13:23:11.079 10 164641881
1,2 3,0 0,2 1,3 1,0 3,2 2,0 3,1 0,3 2,1 
2026-06-30 13:23:11.153 10 164766875
0,2 3,1 0,3 1,2 1,0 3,2 1,3 2,0 2,1 3,0 
2026-06-30 13:23:11.366 10 165128151
0,2 3,1 0,3 1,2 1,3 2,0 1,0 3,2 2,1 3,0 
2026-06-30 13:23:11.384 10 165157949
1,2 3,0 0,2 1,3 0,3 2,1 2,0 3,1 1,0 3,2 
2026-06-30 13:23:11.387 10 165163559
0,3 2,1 0,2 3,1 1,2 3,0 1,0 3,2 1,3 2,0 
2026-06-30 13:23:11.549 10 165438340
0,3 1,2 1,0 3,2 2,0 3,1 2,1 3,0 0,2 1,3 
2026-06-30 13:23:11.820 10 165897736
2,1 3,0 1,3 2,0 0,3 1,2 0,2 3,1 1,0 3,2 
2026-06-30 13:23:11.850 10 165949810
2,1 3,0 2,0 3,1 0,3 1,2 1,0 3,2 0,2 1,3 
2026-06-30 13:23:11.951 10 166119393
0,3 2,1 1,0 3,2 0,2 1,3 1,2 3,0 2,0 3,1 
2026-06-30 13:23:12.047 10 166283269
2,0 3,1 1,2 3,0 0,2 1,3 1,0 3,2 0,3 2,1 
2026-06-30 13:23:12.124 10 166413640
0,2 1,3 0,3 1,2 2,0 3,1 2,1 3,0 1,0 3,2 
2026-06-30 13:23:12.304 10 166718323
2,0 3,1 2,1 3,0 0,2 1,3 0,3 1,2 1,0 3,2 
2026-06-30 13:23:12.375 10 166838466
1,3 2,0 0,3 1,2 1,0 3,2 2,1 3,0 0,2 3,1 
2026-06-30 13:23:12.590 10 167201748
1,2 3,0 1,0 3,2 0,2 1,3 0,3 2,1 2,0 3,1 
2026-06-30 13:23:12.687 10 167367613
0,2 3,1 1,0 3,2 1,2 3,0 1,3 2,0 0,3 2,1 
2026-06-30 13:23:12.691 10 167373455
0,2 3,1 2,1 3,0 1,3 2,0 0,3 1,2 1,0 3,2 
2026-06-30 13:23:12.746 10 167466476
2,0 3,1 1,2 3,0 1,0 3,2 0,2 1,3 0,3 2,1 
2026-06-30 13:23:12.793 10 167546310
0,2 1,3 2,1 3,0 2,0 3,1 1,0 3,2 0,3 1,2 
2026-06-30 13:23:12.837 10 167620181
2,1 3,0 0,2 1,3 0,3 1,2 2,0 3,1 1,0 3,2 
2026-06-30 13:23:13.046 10 167975708
0,3 1,2 2,0 3,1 1,0 3,2 2,1 3,0 0,2 1,3 
2026-06-30 13:23:13.059 10 167998113
2,0 3,1 1,2 3,0 1,0 3,2 0,3 2,1 0,2 1,3 
2026-06-30 13:23:13.632 10 168971739
2,1 3,0 1,3 2,0 1,0 3,2 0,3 1,2 0,2 3,1 
2026-06-30 13:23:13.782 10 169226038
1,3 2,0 2,1 3,0 0,2 3,1 1,0 3,2 0,3 1,2 
2026-06-30 13:23:14.174 10 169892008
2,1 3,0 0,2 3,1 0,3 1,2 1,0 3,2 1,3 2,0 
2026-06-30 13:23:14.217 10 169965209
2,0 3,1 1,2 3,0 0,2 1,3 0,3 2,1 1,0 3,2 
2026-06-30 13:23:14.281 10 170072408
1,2 3,0 2,0 3,1 1,0 3,2 0,2 1,3 0,3 2,1 
2026-06-30 13:23:14.438 10 170338804
1,3 2,0 2,1 3,0 1,0 3,2 0,3 1,2 0,2 3,1 
2026-06-30 13:23:14.542 10 170515657
0,2 3,1 1,2 3,0 1,0 3,2 0,3 2,1 1,3 2,0 
