2026-06-30 13:21:33.274
2026-06-30 13:21:33.490 10 364604
0,2 1,3 2,1 3,0 1,0 3,2 0,3 1,2 2,0 3,1 
2026-06-30 13:21:33.612 10 573279
2,1 3,0 1,3 2,0 0,3 1,2 0,2 3,1 1,0 3,2 
2026-06-30 13:21:33.945 10 1143586
0,2 3,1 0,3 1,2 1,3 2,0 2,1 3,0 1,0 3,2 
2026-06-30 13:21:33.967 10 1179645
0,3 2,1 2,0 3,1 1,2 3,0 1,0 3,2 0,2 1,3 
2026-06-30 13:21:34.110 10 1422993
0,3 1,2 1,0 3,2 0,2 3,1 2,1 3,0 1,3 2,0 
2026-06-30 13:21:34.182 10 1547141
1,2 3,0 1,3 2,0 0,3 2,1 0,2 3,1 1,0 3,2 
2026-06-30 13:21:34.241 10 1647174
2,0 3,1 1,2 3,0 0,2 1,3 0,3 2,1 1,0 3,2 
2026-06-30 13:21:34.810 10 2616950
0,2 1,3 0,3 2,1 1,0 3,2 1,2 3,0 2,0 3,1 
2026-06-30 13:21:34.859 10 2699319
2,1 3,0 1,0 3,2 0,2 1,3 0,3 1,2 2,0 3,1 
2026-06-30 13:21:34.888 10 2749078
1,2 3,0 2,0 3,1 0,3 2,1 0,2 1,3 1,0 3,2 
2026-06-30 13:21:35.027 10 2984996
2,0 3,1 0,3 1,2 0,2 1,3 1,0 3,2 2,1 3,0 
2026-06-30 13:21:35.273 10 3404963
2,0 3,1 2,1 3,0 0,2 1,3 1,0 3,2 0,3 1,2 
2026-06-30 13:21:35.277 10 3412659
1,2 3,0 0,2 1,3 1,0 3,2 0,3 2,1 2,0 3,1 
2026-06-30 13:21:35.411 10 3640358
1,2 3,0 0,2 3,1 1,0 3,2 0,3 2,1 1,3 2,0 
2026-06-30 13:21:35.421 10 3656400
2,1 3,0 2,0 3,1 1,0 3,2 0,2 1,3 0,3 1,2 
2026-06-30 13:21:35.448 10 3702752
2,1 3,0 0,2 3,1 1,0 3,2 0,3 1,2 1,3 2,0 
2026-06-30 13:21:35.466 10 3733290
0,3 1,2 0,2 3,1 1,0 3,2 2,1 3,0 1,3 2,0 
2026-06-30 13:21:35.484 10 3763116
0,3 1,2 0,2 3,1 2,1 3,0 1,3 2,0 1,0 3,2 
2026-06-30 13:21:35.718 10 4163721
1,3 2,0 2,1 3,0 1,0 3,2 0,3 1,2 0,2 3,1 
2026-06-30 13:21:36.106 10 4827757
0,2 1,3 0,3 2,1 1,0 3,2 2,0 3,1 1,2 3,0 
2026-06-30 13:21:36.426 10 5374993
2,0 3,1 1,0 3,2 0,3 1,2 0,2 1,3 2,1 3,0 
2026-06-30 13:21:36.458 10 5430342
2,0 3,1 1,2 3,0 1,0 3,2 0,3 2,1 0,2 1,3 
2026-06-30 13:21:36.920 10 6219327
0,2 1,3 2,1 3,0 2,0 3,1 1,0 3,2 0,3 1,2 
2026-06-30 13:21:37.028 10 6402606
1,2 3,0 0,2 3,1 0,3 2,1 1,3 2,0 1,0 3,2 
2026-06-30 13:21:37.134 10 6583753
0,2 1,3 0,3 1,2 1,0 3,2 2,1 3,0 2,0 3,1 
2026-06-30 13:21:37.266 10 6808850
0,2 1,3 0,3 2,1 2,0 3,1 1,0 3,2 1,2 3,0 
2026-06-30 13:21:37.292 10 6852641
0,2 3,1 0,3 1,2 1,3 2,0 2,1 3,0 1,0 3,2 
2026-06-30 13:21:37.328 10 6915452
2,1 3,0 0,2 3,1 1,0 3,2 1,3 2,0 0,3 1,2 
2026-06-30 13:21:37.342 10 6937940
1,2 3,0 0,2 3,1 1,0 3,2 0,3 2,1 1,3 2,0 
2026-06-30 13:21:37.531 10 7261899
2,1 3,0 0,2 3,1 0,3 1,2 1,0 3,2 1,3 2,0 
2026-06-30 13:21:37.669 10 7497015
2,1 3,0 0,2 1,3 1,0 3,2 2,0 3,1 0,3 1,2 
2026-06-30 13:21:38.213 10 8428090
2,0 3,1 1,0 3,2 0,3 1,2 0,2 1,3 2,1 3,0 
2026-06-30 13:21:38.273 10 8529990
0,2 1,3 0,3 2,1 2,0 3,1 1,2 3,0 1,0 3,2 
2026-06-30 13:21:38.361 10 8680319
0,3 2,1 2,0 3,1 1,0 3,2 0,2 1,3 1,2 3,0 
2026-06-30 13:21:38.407 10 8758085
0,2 1,3 0,3 1,2 2,0 3,1 1,0 3,2 2,1 3,0 
2026-06-30 13:21:38.472 10 8869057
0,2 3,1 0,3 2,1 1,3 2,0 1,0 3,2 1,2 3,0 
2026-06-30 13:21:38.568 10 9032110
0,3 1,2 0,2 1,3 1,0 3,2 2,1 3,0 2,0 3,1 
2026-06-30 13:21:38.570 10 9035416
0,3 2,1 0,2 1,3 1,2 3,0 1,0 3,2 2,0 3,1 
2026-06-30 13:21:38.991 10 9754624
0,3 1,2 2,0 3,1 2,1 3,0 1,0 3,2 0,2 1,3 
2026-06-30 13:21:39.036 10 9831220
0,3 1,2 0,2 3,1 2,1 3,0 1,0 3,2 1,3 2,0 
2026-06-30 13:21:39.111 10 9957605
1,2 3,0 2,0 3,1 1,0 3,2 0,3 2,1 0,2 1,3 
2026-06-30 13:21:39.119 10 9971625
1,2 3,0 0,2 1,3 1,0 3,2 2,0 3,1 0,3 2,1 
2026-06-30 13:21:39.170 10 10058431
0,2 1,3 0,3 2,1 2,0 3,1 1,0 3,2 1,2 3,0 
2026-06-30 13:21:39.211 10 10127856
0,3 1,2 2,0 3,1 2,1 3,0 1,0 3,2 0,2 1,3 
2026-06-30 13:21:39.317 10 10309498
0,3 1,2 0,2 3,1 2,1 3,0 1,0 3,2 1,3 2,0 
2026-06-30 13:21:39.377 10 10409149
0,3 1,2 0,2 1,3 1,0 3,2 2,0 3,1 2,1 3,0 
2026-06-30 13:21:39.410 10 10464716
0,2 3,1 0,3 2,1 1,3 2,0 1,2 3,0 1,0 3,2 
2026-06-30 13:21:39.469 10 10564790
2,0 3,1 2,1 3,0 0,2 1,3 1,0 3,2 0,3 1,2 
2026-06-30 13:21:39.500 10 10617764
1,2 3,0 1,0 3,2 0,2 3,1 0,3 2,1 1,3 2,0 
2026-06-30 13:21:39.572 10 10740784
1,2 3,0 1,0 3,2 0,2 1,3 0,3 2,1 2,0 3,1 
2026-06-30 13:21:39.645 10 10863171
1,3 2,0 1,2 3,0 0,2 3,1 1,0 3,2 0,3 2,1 
2026-06-30 13:21:40.033 10 11525927
0,3 2,1 0,2 3,1 1,2 3,0 1,3 2,0 1,0 3,2 
2026-06-30 13:21:40.060 10 11572248
0,3 2,1 2,0 3,1 1,2 3,0 0,2 1,3 1,0 3,2 
2026-06-30 13:21:40.150 10 11724415
0,2 3,1 1,0 3,2 0,3 1,2 1,3 2,0 2,1 3,0 
2026-06-30 13:21:40.249 10 11893555
2,0 3,1 0,3 2,1 0,2 1,3 1,0 3,2 1,2 3,0 
2026-06-30 13:21:40.250 10 11894545
0,2 1,3 2,1 3,0 1,0 3,2 2,0 3,1 0,3 1,2 
2026-06-30 13:21:40.262 10 11914711
0,2 1,3 0,3 1,2 2,0 3,1 2,1 3,0 1,0 3,2 
2026-06-30 13:21:40.389 10 12132157
0,2 3,1 0,3 2,1 1,3 2,0 1,0 3,2 1,2 3,0 
2026-06-30 13:21:40.441 10 12217940
0,2 1,3 1,2 3,0 2,0 3,1 1,0 3,2 0,3 2,1 
2026-06-30 13:21:40.688 10 12635913
0,3 2,1 2,0 3,1 1,2 3,0 0,2 1,3 1,0 3,2 
2026-06-30 13:21:40.711 10 12674406
0,2 1,3 0,3 1,2 1,0 3,2 2,1 3,0 2,0 3,1 
2026-06-30 13:21:40.780 10 12791330
1,2 3,0 2,0 3,1 0,3 2,1 1,0 3,2 0,2 1,3 
2026-06-30 13:21:40.787 10 12802658
2,1 3,0 1,3 2,0 1,0 3,2 0,3 1,2 0,2 3,1 
2026-06-30 13:21:40.974 10 13122343
1,3 2,0 1,0 3,2 0,3 1,2 0,2 3,1 2,1 3,0 
2026-06-30 13:21:41.055 10 13260150
0,2 1,3 1,2 3,0 1,0 3,2 2,0 3,1 0,3 2,1 
2026-06-30 13:21:41.113 10 13358611
0,2 1,3 0,3 2,1 1,0 3,2 1,2 3,0 2,0 3,1 
2026-06-30 13:21:41.167 10 13450244
1,3 2,0 1,0 3,2 0,3 1,2 0,2 3,1 2,1 3,0 
2026-06-30 13:21:41.331 10 13730140
2,1 3,0 2,0 3,1 0,3 1,2 1,0 3,2 0,2 1,3 
2026-06-30 13:21:41.400 10 13847939
1,2 3,0 1,0 3,2 1,3 2,0 0,3 2,1 0,2 3,1 
2026-06-30 13:21:41.919 10 14734652
2,0 3,1 0,3 1,2 0,2 1,3 1,0 3,2 2,1 3,0 
2026-06-30 13:21:42.140 10 15111439
0,2 3,1 0,3 1,2 1,0 3,2 1,3 2,0 2,1 3,0 
2026-06-30 13:21:42.346 10 15461436
2,0 3,1 1,2 3,0 0,2 1,3 0,3 2,1 1,0 3,2 
2026-06-30 13:21:42.378 10 15516044
1,2 3,0 2,0 3,1 0,3 2,1 1,0 3,2 0,2 1,3 
2026-06-30 13:21:42.509 10 15739311
1,3 2,0 0,3 2,1 0,2 3,1 1,2 3,0 1,0 3,2 
2026-06-30 13:21:42.608 10 15904950
0,2 1,3 1,2 3,0 2,0 3,1 1,0 3,2 0,3 2,1 
2026-06-30 13:21:42.862 10 16339109
0,2 3,1 0,3 1,2 1,3 2,0 2,1 3,0 1,0 3,2 
2026-06-30 13:21:43.045 10 16650342
0,2 1,3 0,3 1,2 2,0 3,1 1,0 3,2 2,1 3,0 
2026-06-30 13:21:43.910 10 18124012
0,2 1,3 0,3 1,2 2,0 3,1 2,1 3,0 1,0 3,2 
2026-06-30 13:21:43.980 10 18243876
0,3 1,2 0,2 1,3 2,1 3,0 2,0 3,1 1,0 3,2 
2026-06-30 13:21:44.168 10 18563014
0,3 2,1 2,0 3,1 1,0 3,2 0,2 1,3 1,2 3,0 
2026-06-30 13:21:44.187 10 18594461
0,2 3,1 1,0 3,2 0,3 1,2 1,3 2,0 2,1 3,0 
2026-06-30 13:21:44.278 10 18749765
0,2 3,1 0,3 1,2 1,3 2,0 2,1 3,0 1,0 3,2 
2026-06-30 13:21:44.505 10 19135067
2,0 3,1 1,2 3,0 0,2 1,3 1,0 3,2 0,3 2,1 
2026-06-30 13:21:44.517 10 19154383
0,2 3,1 2,1 3,0 1,0 3,2 1,3 2,0 0,3 1,2 
2026-06-30 13:21:44.664 10 19404196
0,3 2,1 1,3 2,0 1,0 3,2 0,2 3,1 1,2 3,0 
2026-06-30 13:21:44.687 10 19444093
0,3 2,1 2,0 3,1 1,2 3,0 1,0 3,2 0,2 1,3 
2026-06-30 13:21:44.811 10 19654895
0,3 1,2 1,3 2,0 1,0 3,2 0,2 3,1 2,1 3,0 
2026-06-30 13:21:44.911 10 19823979
0,3 2,1 0,2 1,3 1,0 3,2 2,0 3,1 1,2 3,0 
2026-06-30 13:21:45.023 10 20015472
0,2 3,1 0,3 1,2 1,3 2,0 1,0 3,2 2,1 3,0 
2026-06-30 13:21:45.053 10 20066399
0,3 2,1 2,0 3,1 1,2 3,0 0,2 1,3 1,0 3,2 
2026-06-30 13:21:45.117 10 20174828
2,0 3,1 1,0 3,2 1,2 3,0 0,2 1,3 0,3 2,1 
2026-06-30 13:21:45.289 10 20468020
1,2 3,0 2,0 3,1 1,0 3,2 0,3 2,1 0,2 1,3 
2026-06-30 13:21:45.386 10 20632540
0,2 1,3 0,3 2,1 2,0 3,1 1,0 3,2 1,2 3,0 
2026-06-30 13:21:45.462 10 20761990
2,0 3,1 1,2 3,0 1,0 3,2 0,2 1,3 0,3 2,1 
2026-06-30 13:21:45.510 10 20843775
0,3 2,1 1,3 2,0 1,0 3,2 1,2 3,0 0,2 3,1 
2026-06-30 13:21:45.554 10 20918897
1,2 3,0 2,0 3,1 0,3 2,1 0,2 1,3 1,0 3,2 
2026-06-30 13:21:45.630 10 21048370
0,3 1,2 1,0 3,2 0,2 1,3 2,1 3,0 2,0 3,1 
2026-06-30 13:21:45.943 10 21581947
2,1 3,0 1,0 3,2 1,3 2,0 0,3 1,2 0,2 3,1 
2026-06-30 13:21:46.011 10 21697396
2,0 3,1 1,0 3,2 0,3 1,2 0,2 1,3 2,1 3,0 
2026-06-30 13:21:46.037 10 21740241
0,2 3,1 1,2 3,0 1,0 3,2 0,3 2,1 1,3 2,0 
2026-06-30 13:21:46.045 10 21754535
1,2 3,0 0,2 1,3 1,0 3,2 0,3 2,1 2,0 3,1 
2026-06-30 13:21:46.151 10 21933930
0,2 3,1 0,3 2,1 1,3 2,0 1,2 3,0 1,0 3,2 
2026-06-30 13:21:46.301 10 22188971
2,0 3,1 0,3 2,1 1,0 3,2 0,2 1,3 1,2 3,0 
2026-06-30 13:21:46.408 10 22370787
2,0 3,1 0,3 1,2 0,2 1,3 1,0 3,2 2,1 3,0 
2026-06-30 13:21:46.582 10 22665213
0,3 2,1 2,0 3,1 1,0 3,2 1,2 3,0 0,2 1,3 
2026-06-30 13:21:46.733 10 22922140
1,3 2,0 2,1 3,0 1,0 3,2 0,2 3,1 0,3 1,2 
2026-06-30 13:21:47.042 10 23450790
0,3 2,1 2,0 3,1 1,0 3,2 0,2 1,3 1,2 3,0 
2026-06-30 13:21:47.047 10 23457802
2,1 3,0 0,2 3,1 1,0 3,2 0,3 1,2 1,3 2,0 
2026-06-30 13:21:47.254 10 23811372
0,2 3,1 0,3 1,2 1,3 2,0 1,0 3,2 2,1 3,0 
2026-06-30 13:21:47.334 10 23947589
1,3 2,0 1,2 3,0 1,0 3,2 0,3 2,1 0,2 3,1 
2026-06-30 13:21:47.446 10 24138638
0,3 2,1 1,0 3,2 1,3 2,0 1,2 3,0 0,2 3,1 
2026-06-30 13:21:47.475 10 24187381
0,2 1,3 1,2 3,0 2,0 3,1 1,0 3,2 0,3 2,1 
2026-06-30 13:21:47.631 10 24453695
0,3 1,2 0,2 3,1 1,0 3,2 2,1 3,0 1,3 2,0 
2026-06-30 13:21:47.632 10 24456197
0,3 2,1 0,2 1,3 1,0 3,2 2,0 3,1 1,2 3,0 
2026-06-30 13:21:47.918 10 24943674
1,2 3,0 1,0 3,2 2,0 3,1 0,3 2,1 0,2 1,3 
2026-06-30 13:21:48.054 10 25175285
0,3 2,1 1,0 3,2 0,2 3,1 1,2 3,0 1,3 2,0 
2026-06-30 13:21:48.212 10 25446016
0,3 1,2 0,2 3,1 2,1 3,0 1,3 2,0 1,0 3,2 
2026-06-30 13:21:48.258 10 25523575
0,3 2,1 2,0 3,1 1,2 3,0 1,0 3,2 0,2 1,3 
2026-06-30 13:21:48.329 10 25645688
0,2 3,1 1,2 3,0 1,3 2,0 1,0 3,2 0,3 2,1 
2026-06-30 13:21:48.404 10 25773552
1,3 2,0 1,0 3,2 0,3 1,2 0,2 3,1 2,1 3,0 
2026-06-30 13:21:48.436 10 25828252
0,2 3,1 2,1 3,0 1,0 3,2 0,3 1,2 1,3 2,0 
2026-06-30 13:21:48.608 10 26122889
0,2 1,3 0,3 2,1 1,0 3,2 2,0 3,1 1,2 3,0 
2026-06-30 13:21:48.685 10 26254992
0,2 1,3 1,2 3,0 1,0 3,2 2,0 3,1 0,3 2,1 
2026-06-30 13:21:49.024 10 26829927
1,3 2,0 0,3 1,2 1,0 3,2 2,1 3,0 0,2 3,1 
2026-06-30 13:21:49.108 10 26973645
0,2 1,3 1,2 3,0 2,0 3,1 1,0 3,2 0,3 2,1 
2026-06-30 13:21:49.131 10 27012778
1,2 3,0 0,2 1,3 1,0 3,2 0,3 2,1 2,0 3,1 
2026-06-30 13:21:49.610 10 27833254
0,3 1,2 2,0 3,1 2,1 3,0 1,0 3,2 0,2 1,3 
2026-06-30 13:21:50.006 10 28511048
0,3 2,1 2,0 3,1 1,0 3,2 0,2 1,3 1,2 3,0 
2026-06-30 13:21:50.026 10 28545243
0,2 1,3 1,0 3,2 2,1 3,0 2,0 3,1 0,3 1,2 
2026-06-30 13:21:50.097 10 28664969
1,2 3,0 2,0 3,1 0,3 2,1 0,2 1,3 1,0 3,2 
2026-06-30 13:21:50.190 10 28823786
2,0 3,1 1,2 3,0 1,0 3,2 0,2 1,3 0,3 2,1 
2026-06-30 13:21:50.226 10 28885470
0,3 2,1 1,0 3,2 0,2 3,1 1,2 3,0 1,3 2,0 
2026-06-30 13:21:50.382 10 29151155
2,1 3,0 2,0 3,1 0,3 1,2 1,0 3,2 0,2 1,3 
2026-06-30 13:21:50.514 10 29377727
0,2 1,3 1,2 3,0 2,0 3,1 1,0 3,2 0,3 2,1 
2026-06-30 13:21:50.544 10 29429262
1,3 2,0 0,3 2,1 0,2 3,1 1,2 3,0 1,0 3,2 
2026-06-30 13:21:50.594 10 29513915
1,2 3,0 0,2 1,3 0,3 2,1 2,0 3,1 1,0 3,2 
2026-06-30 13:21:50.661 10 29629440
0,2 3,1 0,3 2,1 1,3 2,0 1,2 3,0 1,0 3,2 
2026-06-30 13:21:50.773 10 29821041
0,2 1,3 0,3 2,1 1,0 3,2 2,0 3,1 1,2 3,0 
2026-06-30 13:21:50.791 10 29851011
0,3 1,2 1,3 2,0 2,1 3,0 0,2 3,1 1,0 3,2 
2026-06-30 13:21:50.821 10 29902514
0,3 1,2 1,0 3,2 0,2 1,3 2,1 3,0 2,0 3,1 
2026-06-30 13:21:50.853 10 29958454
1,2 3,0 2,0 3,1 1,0 3,2 0,2 1,3 0,3 2,1 
2026-06-30 13:21:50.899 10 30037406
2,0 3,1 1,2 3,0 0,2 1,3 1,0 3,2 0,3 2,1 
2026-06-30 13:21:50.978 10 30173169
1,2 3,0 1,0 3,2 0,2 1,3 0,3 2,1 2,0 3,1 
2026-06-30 13:21:51.353 10 30813975
0,2 1,3 1,2 3,0 1,0 3,2 0,3 2,1 2,0 3,1 
2026-06-30 13:21:51.517 10 31092946
0,2 3,1 0,3 2,1 1,3 2,0 1,2 3,0 1,0 3,2 
2026-06-30 13:21:51.931 10 31800212
1,3 2,0 1,0 3,2 0,3 2,1 0,2 3,1 1,2 3,0 
2026-06-30 13:21:52.035 10 31978155
2,0 3,1 0,3 2,1 0,2 1,3 1,0 3,2 1,2 3,0 
2026-06-30 13:21:52.245 10 32336499
0,3 1,2 0,2 1,3 1,0 3,2 2,0 3,1 2,1 3,0 
2026-06-30 13:21:52.383 10 32571408
1,3 2,0 1,2 3,0 1,0 3,2 0,3 2,1 0,2 3,1 
2026-06-30 13:21:52.458 10 32698394
0,2 3,1 1,2 3,0 1,0 3,2 1,3 2,0 0,3 2,1 
2026-06-30 13:21:52.521 10 32806219
0,3 2,1 1,3 2,0 1,0 3,2 0,2 3,1 1,2 3,0 
2026-06-30 13:21:52.679 10 33076182
0,2 3,1 1,2 3,0 1,3 2,0 1,0 3,2 0,3 2,1 
2026-06-30 13:21:52.725 10 33155875
1,3 2,0 0,3 1,2 1,0 3,2 2,1 3,0 0,2 3,1 
2026-06-30 13:21:52.768 10 33228680
0,3 2,1 2,0 3,1 1,2 3,0 0,2 1,3 1,0 3,2 
2026-06-30 13:21:53.066 10 33738927
0,2 3,1 2,1 3,0 1,3 2,0 0,3 1,2 1,0 3,2 
2026-06-30 13:21:53.095 10 33787928
2,1 3,0 0,2 3,1 1,0 3,2 1,3 2,0 0,3 1,2 
2026-06-30 13:21:53.183 10 33938828
0,3 2,1 0,2 3,1 1,2 3,0 1,3 2,0 1,0 3,2 
2026-06-30 13:21:53.258 10 34066844
0,3 1,2 0,2 1,3 1,0 3,2 2,0 3,1 2,1 3,0 
2026-06-30 13:21:53.304 10 34145917
0,2 3,1 0,3 2,1 1,3 2,0 1,2 3,0 1,0 3,2 
2026-06-30 13:21:53.691 10 34806961
1,3 2,0 2,1 3,0 0,2 3,1 0,3 1,2 1,0 3,2 
2026-06-30 13:21:53.767 10 34934216
0,3 2,1 2,0 3,1 1,0 3,2 0,2 1,3 1,2 3,0 
2026-06-30 13:21:53.954 10 35252858
1,2 3,0 1,3 2,0 0,3 2,1 0,2 3,1 1,0 3,2 
2026-06-30 13:21:53.983 10 35300693
0,2 1,3 0,3 2,1 2,0 3,1 1,0 3,2 1,2 3,0 
2026-06-30 13:21:54.053 10 35420665
0,3 1,2 2,0 3,1 2,1 3,0 1,0 3,2 0,2 1,3 
2026-06-30 13:21:54.056 10 35424575
0,3 1,2 0,2 1,3 1,0 3,2 2,0 3,1 2,1 3,0 
2026-06-30 13:21:54.177 10 35631245
2,1 3,0 0,2 1,3 1,0 3,2 2,0 3,1 0,3 1,2 
2026-06-30 13:21:54.206 10 35679667
0,2 1,3 1,2 3,0 1,0 3,2 2,0 3,1 0,3 2,1 
2026-06-30 13:21:54.273 10 35794083
2,0 3,1 1,0 3,2 2,1 3,0 0,2 1,3 0,3 1,2 
2026-06-30 13:21:54.403 10 36015157
1,3 2,0 0,3 2,1 1,0 3,2 1,2 3,0 0,2 3,1 
2026-06-30 13:21:54.437 10 36073913
0,3 2,1 1,3 2,0 1,2 3,0 0,2 3,1 1,0 3,2 
2026-06-30 13:21:54.472 10 36133228
1,3 2,0 1,2 3,0 1,0 3,2 0,2 3,1 0,3 2,1 
2026-06-30 13:21:54.521 10 36216181
1,3 2,0 2,1 3,0 0,2 3,1 1,0 3,2 0,3 1,2 
2026-06-30 13:21:54.585 10 36326033
2,0 3,1 2,1 3,0 1,0 3,2 0,2 1,3 0,3 1,2 
2026-06-30 13:21:54.746 10 36599938
0,2 3,1 1,2 3,0 1,0 3,2 0,3 2,1 1,3 2,0 
2026-06-30 13:21:55.083 10 37177687
0,2 3,1 2,1 3,0 1,3 2,0 1,0 3,2 0,3 1,2 
2026-06-30 13:21:55.201 10 37378678
2,1 3,0 2,0 3,1 1,0 3,2 0,2 1,3 0,3 1,2 
2026-06-30 13:21:55.233 10 37433743
1,2 3,0 0,2 1,3 1,0 3,2 2,0 3,1 0,3 2,1 
2026-06-30 13:21:55.242 10 37449489
0,2 1,3 2,1 3,0 1,0 3,2 0,3 1,2 2,0 3,1 
2026-06-30 13:21:55.251 10 37464889
0,3 2,1 0,2 1,3 1,2 3,0 1,0 3,2 2,0 3,1 
2026-06-30 13:21:55.295 10 37538671
2,1 3,0 2,0 3,1 1,0 3,2 0,2 1,3 0,3 1,2 
2026-06-30 13:21:55.314 10 37570584
2,1 3,0 0,2 1,3 0,3 1,2 2,0 3,1 1,0 3,2 
2026-06-30 13:21:55.341 10 37615720
2,1 3,0 0,2 1,3 0,3 1,2 2,0 3,1 1,0 3,2 
2026-06-30 13:21:55.348 10 37627225
0,2 3,1 2,1 3,0 1,0 3,2 0,3 1,2 1,3 2,0 
2026-06-30 13:21:55.424 10 37757137
0,2 1,3 0,3 1,2 1,0 3,2 2,0 3,1 2,1 3,0 
2026-06-30 13:21:55.598 10 38054213
1,2 3,0 2,0 3,1 0,3 2,1 0,2 1,3 1,0 3,2 
2026-06-30 13:21:55.641 10 38127849
0,3 2,1 0,2 1,3 1,0 3,2 1,2 3,0 2,0 3,1 
2026-06-30 13:21:55.881 10 38537785
0,2 3,1 0,3 2,1 1,0 3,2 1,2 3,0 1,3 2,0 
2026-06-30 13:21:55.924 10 38611570
1,2 3,0 0,2 1,3 1,0 3,2 2,0 3,1 0,3 2,1 
2026-06-30 13:21:55.933 10 38626451
0,3 1,2 1,3 2,0 2,1 3,0 0,2 3,1 1,0 3,2 
2026-06-30 13:21:55.994 10 38730698
0,3 1,2 2,0 3,1 1,0 3,2 2,1 3,0 0,2 1,3 
2026-06-30 13:21:56.094 10 38899560
0,3 2,1 1,3 2,0 1,2 3,0 0,2 3,1 1,0 3,2 
2026-06-30 13:21:56.193 10 39068379
1,2 3,0 0,2 3,1 0,3 2,1 1,0 3,2 1,3 2,0 
2026-06-30 13:21:56.232 10 39134463
1,3 2,0 1,0 3,2 1,2 3,0 0,2 3,1 0,3 2,1 
2026-06-30 13:21:56.330 10 39302803
0,2 1,3 1,2 3,0 1,0 3,2 2,0 3,1 0,3 2,1 
2026-06-30 13:21:56.386 10 39398063
2,0 3,1 1,0 3,2 0,3 2,1 0,2 1,3 1,2 3,0 
2026-06-30 13:21:56.419 10 39454250
2,1 3,0 1,3 2,0 1,0 3,2 0,2 3,1 0,3 1,2 
2026-06-30 13:21:56.491 10 39575527
1,2 3,0 1,0 3,2 0,2 3,1 0,3 2,1 1,3 2,0 
2026-06-30 13:21:56.699 10 39931236
0,2 1,3 1,2 3,0 2,0 3,1 1,0 3,2 0,3 2,1 
2026-06-30 13:21:56.723 10 39972067
2,1 3,0 1,0 3,2 2,0 3,1 0,3 1,2 0,2 1,3 
2026-06-30 13:21:56.792 10 40088452
1,2 3,0 2,0 3,1 1,0 3,2 0,2 1,3 0,3 2,1 
2026-06-30 13:21:56.903 10 40277196
0,3 1,2 2,0 3,1 2,1 3,0 0,2 1,3 1,0 3,2 
2026-06-30 13:21:57.029 10 40492759
2,0 3,1 0,3 1,2 0,2 1,3 1,0 3,2 2,1 3,0 
2026-06-30 13:21:57.069 10 40560522
0,3 2,1 2,0 3,1 1,0 3,2 0,2 1,3 1,2 3,0 
2026-06-30 13:21:57.100 10 40612519
1,2 3,0 0,2 1,3 0,3 2,1 2,0 3,1 1,0 3,2 
2026-06-30 13:21:57.116 10 40640386
0,3 2,1 1,0 3,2 0,2 3,1 1,2 3,0 1,3 2,0 
2026-06-30 13:21:57.164 10 40720647
2,1 3,0 2,0 3,1 0,3 1,2 0,2 1,3 1,0 3,2 
2026-06-30 13:21:57.348 10 41035383
0,2 3,1 0,3 1,2 1,3 2,0 1,0 3,2 2,1 3,0 
2026-06-30 13:21:57.471 10 41243028
0,3 2,1 1,3 2,0 1,2 3,0 0,2 3,1 1,0 3,2 
2026-06-30 13:21:57.522 10 41329398
1,3 2,0 1,0 3,2 0,3 2,1 0,2 3,1 1,2 3,0 
2026-06-30 13:21:57.715 10 41660144
0,2 3,1 2,1 3,0 1,0 3,2 1,3 2,0 0,3 1,2 
2026-06-30 13:21:57.880 10 41941347
0,3 1,2 1,3 2,0 1,0 3,2 0,2 3,1 2,1 3,0 
2026-06-30 13:21:58.030 10 42195747
0,2 3,1 2,1 3,0 1,0 3,2 1,3 2,0 0,3 1,2 
2026-06-30 13:21:58.386 10 42802690
2,0 3,1 0,3 2,1 0,2 1,3 1,2 3,0 1,0 3,2 
2026-06-30 13:21:58.420 10 42860682
1,2 3,0 1,0 3,2 0,2 1,3 0,3 2,1 2,0 3,1 
2026-06-30 13:21:58.584 10 43139567
1,2 3,0 2,0 3,1 0,3 2,1 1,0 3,2 0,2 1,3 
2026-06-30 13:21:58.738 10 43402368
0,2 1,3 1,0 3,2 1,2 3,0 2,0 3,1 0,3 2,1 
2026-06-30 13:21:58.747 10 43416712
1,3 2,0 0,3 2,1 1,0 3,2 1,2 3,0 0,2 3,1 
2026-06-30 13:21:58.796 10 43501553
0,3 1,2 0,2 3,1 1,0 3,2 2,1 3,0 1,3 2,0 
2026-06-30 13:21:58.803 10 43511964
0,2 3,1 0,3 1,2 1,0 3,2 2,1 3,0 1,3 2,0 
2026-06-30 13:21:58.868 10 43622085
2,1 3,0 0,2 1,3 1,0 3,2 0,3 1,2 2,0 3,1 
2026-06-30 13:21:58.989 10 43830467
1,3 2,0 1,2 3,0 1,0 3,2 0,2 3,1 0,3 2,1 
2026-06-30 13:21:59.130 10 44069569
2,1 3,0 0,2 3,1 1,0 3,2 1,3 2,0 0,3 1,2 
2026-06-30 13:21:59.395 10 44522390
1,2 3,0 1,3 2,0 1,0 3,2 0,2 3,1 0,3 2,1 
2026-06-30 13:21:59.462 10 44635824
2,1 3,0 1,3 2,0 0,3 1,2 1,0 3,2 0,2 3,1 
2026-06-30 13:21:59.518 10 44731873
0,3 1,2 2,0 3,1 2,1 3,0 1,0 3,2 0,2 1,3 
2026-06-30 13:21:59.765 10 45152102
0,3 2,1 2,0 3,1 1,2 3,0 0,2 1,3 1,0 3,2 
2026-06-30 13:21:59.785 10 45186516
0,3 1,2 1,0 3,2 2,0 3,1 2,1 3,0 0,2 1,3 
2026-06-30 13:21:59.867 10 45326818
0,3 2,1 0,2 1,3 1,2 3,0 1,0 3,2 2,0 3,1 
2026-06-30 13:21:59.997 10 45546940
0,2 1,3 0,3 2,1 2,0 3,1 1,0 3,2 1,2 3,0 
2026-06-30 13:22:00.162 10 45826740
0,3 2,1 2,0 3,1 1,2 3,0 0,2 1,3 1,0 3,2 
2026-06-30 13:22:00.324 10 46100365
0,3 1,2 2,0 3,1 2,1 3,0 1,0 3,2 0,2 1,3 
2026-06-30 13:22:00.373 10 46183059
2,1 3,0 1,0 3,2 0,2 1,3 0,3 1,2 2,0 3,1 
2026-06-30 13:22:00.496 10 46392602
1,3 2,0 2,1 3,0 0,2 3,1 0,3 1,2 1,0 3,2 
2026-06-30 13:22:00.608 10 46578854
2,0 3,1 1,0 3,2 2,1 3,0 0,2 1,3 0,3 1,2 
2026-06-30 13:22:00.784 10 46880622
0,2 1,3 1,0 3,2 0,3 2,1 2,0 3,1 1,2 3,0 
2026-06-30 13:22:00.877 10 47039490
2,0 3,1 0,3 1,2 0,2 1,3 2,1 3,0 1,0 3,2 
2026-06-30 13:22:01.127 10 47468313
0,3 1,2 0,2 3,1 1,0 3,2 1,3 2,0 2,1 3,0 
2026-06-30 13:22:01.224 10 47633215
0,3 2,1 1,0 3,2 0,2 1,3 1,2 3,0 2,0 3,1 
2026-06-30 13:22:01.580 10 48239178
0,3 2,1 0,2 3,1 1,2 3,0 1,3 2,0 1,0 3,2 
2026-06-30 13:22:01.587 10 48250318
0,2 3,1 1,0 3,2 1,2 3,0 1,3 2,0 0,3 2,1 
2026-06-30 13:22:01.911 10 48804078
0,2 1,3 2,1 3,0 2,0 3,1 1,0 3,2 0,3 1,2 
2026-06-30 13:22:01.986 10 48930504
1,3 2,0 2,1 3,0 1,0 3,2 0,2 3,1 0,3 1,2 
2026-06-30 13:22:02.017 10 48983318
2,0 3,1 1,2 3,0 1,0 3,2 0,3 2,1 0,2 1,3 
2026-06-30 13:22:02.071 10 49076156
0,2 1,3 1,2 3,0 2,0 3,1 0,3 2,1 1,0 3,2 
2026-06-30 13:22:02.078 10 49087493
1,3 2,0 0,3 2,1 0,2 3,1 1,0 3,2 1,2 3,0 
2026-06-30 13:22:02.339 10 49532188
0,2 3,1 0,3 2,1 1,0 3,2 1,3 2,0 1,2 3,0 
2026-06-30 13:22:02.489 10 49787584
1,3 2,0 1,2 3,0 1,0 3,2 0,2 3,1 0,3 2,1 
2026-06-30 13:22:02.574 10 49930844
0,3 1,2 1,3 2,0 2,1 3,0 0,2 3,1 1,0 3,2 
2026-06-30 13:22:02.746 10 50224484
0,2 3,1 1,0 3,2 0,3 2,1 1,3 2,0 1,2 3,0 
2026-06-30 13:22:03.077 10 50789462
2,1 3,0 1,0 3,2 2,0 3,1 0,3 1,2 0,2 1,3 
2026-06-30 13:22:03.089 10 50810494
2,0 3,1 1,2 3,0 1,0 3,2 0,2 1,3 0,3 2,1 
2026-06-30 13:22:03.124 10 50869777
1,2 3,0 2,0 3,1 0,3 2,1 1,0 3,2 0,2 1,3 
2026-06-30 13:22:03.382 10 51309539
1,2 3,0 1,3 2,0 1,0 3,2 0,3 2,1 0,2 3,1 
2026-06-30 13:22:03.758 10 51950765
2,1 3,0 1,0 3,2 1,3 2,0 0,3 1,2 0,2 3,1 
2026-06-30 13:22:03.806 10 52031418
2,0 3,1 1,2 3,0 1,0 3,2 0,3 2,1 0,2 1,3 
2026-06-30 13:22:04.011 10 52381123
0,2 3,1 0,3 2,1 1,0 3,2 1,2 3,0 1,3 2,0 
2026-06-30 13:22:04.021 10 52398380
1,3 2,0 1,0 3,2 2,1 3,0 0,2 3,1 0,3 1,2 
2026-06-30 13:22:04.032 10 52415902
0,3 2,1 1,3 2,0 1,2 3,0 0,2 3,1 1,0 3,2 
2026-06-30 13:22:04.048 10 52443683
2,1 3,0 0,2 1,3 1,0 3,2 0,3 1,2 2,0 3,1 
2026-06-30 13:22:04.174 10 52658308
2,1 3,0 0,2 1,3 1,0 3,2 2,0 3,1 0,3 1,2 
2026-06-30 13:22:04.282 10 52842185
1,2 3,0 0,2 3,1 0,3 2,1 1,3 2,0 1,0 3,2 
2026-06-30 13:22:04.318 10 52903574
0,2 1,3 2,1 3,0 2,0 3,1 1,0 3,2 0,3 1,2 
2026-06-30 13:22:04.581 10 53350934
1,2 3,0 1,0 3,2 0,2 1,3 0,3 2,1 2,0 3,1 
2026-06-30 13:22:04.692 10 53540182
1,3 2,0 0,3 2,1 0,2 3,1 1,2 3,0 1,0 3,2 
2026-06-30 13:22:04.937 10 53957961
1,3 2,0 1,0 3,2 0,3 2,1 0,2 3,1 1,2 3,0 
2026-06-30 13:22:04.977 10 54026934
0,2 3,1 0,3 1,2 1,0 3,2 2,1 3,0 1,3 2,0 
2026-06-30 13:22:05.014 10 54088876
0,3 1,2 2,0 3,1 2,1 3,0 0,2 1,3 1,0 3,2 
2026-06-30 13:22:05.065 10 54176133
0,2 3,1 1,2 3,0 1,3 2,0 0,3 2,1 1,0 3,2 
2026-06-30 13:22:05.328 10 54624081
0,2 1,3 2,1 3,0 2,0 3,1 0,3 1,2 1,0 3,2 
2026-06-30 13:22:05.464 10 54856127
1,2 3,0 1,0 3,2 0,2 1,3 0,3 2,1 2,0 3,1 
2026-06-30 13:22:05.511 10 54935645
0,3 1,2 1,3 2,0 1,0 3,2 2,1 3,0 0,2 3,1 
2026-06-30 13:22:05.776 10 55386629
1,2 3,0 0,2 3,1 1,0 3,2 0,3 2,1 1,3 2,0 
2026-06-30 13:22:05.833 10 55482351
0,2 3,1 2,1 3,0 1,3 2,0 1,0 3,2 0,3 1,2 
2026-06-30 13:22:06.032 10 55822254
2,1 3,0 1,3 2,0 0,3 1,2 0,2 3,1 1,0 3,2 
2026-06-30 13:22:06.139 10 56003854
0,2 3,1 2,1 3,0 1,0 3,2 1,3 2,0 0,3 1,2 
2026-06-30 13:22:06.395 10 56437643
0,2 1,3 1,2 3,0 1,0 3,2 0,3 2,1 2,0 3,1 
2026-06-30 13:22:06.425 10 56490346
1,3 2,0 0,3 1,2 1,0 3,2 2,1 3,0 0,2 3,1 
2026-06-30 13:22:06.570 10 56736635
1,2 3,0 1,0 3,2 0,2 3,1 0,3 2,1 1,3 2,0 
2026-06-30 13:22:06.851 10 57214914
0,2 3,1 1,2 3,0 1,0 3,2 1,3 2,0 0,3 2,1 
2026-06-30 13:22:06.988 10 57447875
1,2 3,0 1,0 3,2 2,0 3,1 0,3 2,1 0,2 1,3 
2026-06-30 13:22:07.019 10 57499488
0,3 1,2 2,0 3,1 2,1 3,0 1,0 3,2 0,2 1,3 
2026-06-30 13:22:07.470 10 58267642
0,3 1,2 0,2 1,3 2,1 3,0 1,0 3,2 2,0 3,1 
2026-06-30 13:22:07.495 10 58310208
2,1 3,0 0,2 3,1 0,3 1,2 1,3 2,0 1,0 3,2 
2026-06-30 13:22:07.677 10 58617903
1,3 2,0 1,0 3,2 0,3 1,2 0,2 3,1 2,1 3,0 
2026-06-30 13:22:07.829 10 58877446
0,3 2,1 0,2 3,1 1,2 3,0 1,0 3,2 1,3 2,0 
2026-06-30 13:22:08.083 10 59313065
0,3 1,2 1,3 2,0 2,1 3,0 0,2 3,1 1,0 3,2 
2026-06-30 13:22:08.146 10 59420491
0,3 1,2 1,0 3,2 0,2 3,1 2,1 3,0 1,3 2,0 
2026-06-30 13:22:08.301 10 59685193
0,3 1,2 0,2 3,1 2,1 3,0 1,0 3,2 1,3 2,0 
2026-06-30 13:22:08.312 10 59702849
0,2 1,3 0,3 2,1 1,0 3,2 1,2 3,0 2,0 3,1 
2026-06-30 13:22:08.375 10 59808865
2,0 3,1 2,1 3,0 1,0 3,2 0,3 1,2 0,2 1,3 
2026-06-30 13:22:08.401 10 59852390
0,3 1,2 2,0 3,1 1,0 3,2 2,1 3,0 0,2 1,3 
2026-06-30 13:22:08.413 10 59873582
2,1 3,0 0,2 3,1 1,0 3,2 0,3 1,2 1,3 2,0 
2026-06-30 13:22:08.439 10 59916507
0,2 3,1 1,0 3,2 1,2 3,0 1,3 2,0 0,3 2,1 
2026-06-30 13:22:08.472 10 59972198
1,3 2,0 0,3 1,2 1,0 3,2 2,1 3,0 0,2 3,1 
2026-06-30 13:22:08.699 10 60360590
0,3 2,1 0,2 1,3 1,2 3,0 1,0 3,2 2,0 3,1 
2026-06-30 13:22:09.037 10 60939066
0,2 3,1 0,3 1,2 1,3 2,0 2,1 3,0 1,0 3,2 
2026-06-30 13:22:09.054 10 60968548
1,3 2,0 1,0 3,2 0,3 2,1 0,2 3,1 1,2 3,0 
2026-06-30 13:22:09.094 10 61036207
0,2 3,1 0,3 1,2 1,3 2,0 1,0 3,2 2,1 3,0 
2026-06-30 13:22:09.117 10 61075564
0,3 2,1 0,2 3,1 1,2 3,0 1,3 2,0 1,0 3,2 
2026-06-30 13:22:09.222 10 61254479
0,3 2,1 1,3 2,0 1,2 3,0 1,0 3,2 0,2 3,1 
2026-06-30 13:22:09.558 10 61829434
1,3 2,0 0,3 2,1 1,0 3,2 1,2 3,0 0,2 3,1 
2026-06-30 13:22:09.592 10 61887163
2,0 3,1 1,2 3,0 0,2 1,3 0,3 2,1 1,0 3,2 
2026-06-30 13:22:09.653 10 61989478
2,0 3,1 2,1 3,0 0,2 1,3 1,0 3,2 0,3 1,2 
2026-06-30 13:22:09.719 10 62102812
2,0 3,1 0,3 2,1 1,0 3,2 1,2 3,0 0,2 1,3 
2026-06-30 13:22:09.815 10 62266338
1,2 3,0 1,3 2,0 1,0 3,2 0,3 2,1 0,2 3,1 
2026-06-30 13:22:09.828 10 62289176
0,2 1,3 0,3 2,1 1,0 3,2 1,2 3,0 2,0 3,1 
2026-06-30 13:22:09.930 10 62461730
1,2 3,0 1,0 3,2 1,3 2,0 0,3 2,1 0,2 3,1 
2026-06-30 13:22:09.960 10 62511989
0,2 1,3 1,0 3,2 2,1 3,0 2,0 3,1 0,3 1,2 
2026-06-30 13:22:10.172 10 62873078
0,2 1,3 1,0 3,2 0,3 1,2 2,0 3,1 2,1 3,0 
2026-06-30 13:22:10.340 10 63160050
1,2 3,0 0,2 3,1 0,3 2,1 1,0 3,2 1,3 2,0 
2026-06-30 13:22:10.355 10 63185392
1,2 3,0 0,2 1,3 1,0 3,2 0,3 2,1 2,0 3,1 
2026-06-30 13:22:10.473 10 63386652
0,2 3,1 1,0 3,2 0,3 2,1 1,3 2,0 1,2 3,0 
2026-06-30 13:22:10.717 10 63803847
1,2 3,0 2,0 3,1 1,0 3,2 0,2 1,3 0,3 2,1 
2026-06-30 13:22:11.058 10 64384291
1,3 2,0 1,0 3,2 0,3 1,2 0,2 3,1 2,1 3,0 
2026-06-30 13:22:11.237 10 64688208
0,3 1,2 0,2 1,3 1,0 3,2 2,0 3,1 2,1 3,0 
2026-06-30 13:22:11.321 10 64831658
2,0 3,1 1,2 3,0 0,2 1,3 1,0 3,2 0,3 2,1 
2026-06-30 13:22:11.348 10 64877702
0,2 1,3 0,3 1,2 2,0 3,1 2,1 3,0 1,0 3,2 
2026-06-30 13:22:11.354 10 64887269
0,3 1,2 2,0 3,1 1,0 3,2 2,1 3,0 0,2 1,3 
2026-06-30 13:22:11.433 10 65020640
0,2 1,3 1,0 3,2 1,2 3,0 2,0 3,1 0,3 2,1 
2026-06-30 13:22:11.437 10 65027820
0,3 1,2 0,2 3,1 2,1 3,0 1,0 3,2 1,3 2,0 
2026-06-30 13:22:11.750 10 65560093
1,2 3,0 0,2 1,3 1,0 3,2 0,3 2,1 2,0 3,1 
2026-06-30 13:22:11.822 10 65682423
2,0 3,1 1,2 3,0 0,2 1,3 0,3 2,1 1,0 3,2 
2026-06-30 13:22:11.914 10 65839843
1,2 3,0 0,2 1,3 1,0 3,2 0,3 2,1 2,0 3,1 
2026-06-30 13:22:12.011 10 66005934
1,2 3,0 1,0 3,2 1,3 2,0 0,3 2,1 0,2 3,1 
2026-06-30 13:22:12.239 10 66395162
0,3 2,1 2,0 3,1 1,0 3,2 0,2 1,3 1,2 3,0 
2026-06-30 13:22:12.326 10 66543865
2,0 3,1 2,1 3,0 1,0 3,2 0,2 1,3 0,3 1,2 
2026-06-30 13:22:12.492 10 66827946
1,3 2,0 0,3 1,2 0,2 3,1 1,0 3,2 2,1 3,0 
2026-06-30 13:22:12.715 10 67208430
2,1 3,0 0,2 1,3 1,0 3,2 0,3 1,2 2,0 3,1 
2026-06-30 13:22:12.764 10 67291816
1,3 2,0 1,2 3,0 1,0 3,2 0,3 2,1 0,2 3,1 
2026-06-30 13:22:12.818 10 67383421
0,3 1,2 1,0 3,2 0,2 1,3 2,1 3,0 2,0 3,1 
2026-06-30 13:22:13.077 10 67827731
1,2 3,0 1,3 2,0 0,3 2,1 0,2 3,1 1,0 3,2 
2026-06-30 13:22:13.465 10 68492784
0,3 1,2 1,0 3,2 2,0 3,1 2,1 3,0 0,2 1,3 
2026-06-30 13:22:13.762 10 69000725
1,3 2,0 1,0 3,2 0,3 1,2 0,2 3,1 2,1 3,0 
2026-06-30 13:22:13.898 10 69234538
2,0 3,1 0,3 1,2 0,2 1,3 2,1 3,0 1,0 3,2 
2026-06-30 13:22:13.985 10 69384015
1,2 3,0 0,2 1,3 1,0 3,2 2,0 3,1 0,3 2,1 
2026-06-30 13:22:14.252 10 69839162
0,2 3,1 1,2 3,0 1,0 3,2 1,3 2,0 0,3 2,1 
2026-06-30 13:22:14.411 10 70109743
0,3 2,1 0,2 1,3 1,0 3,2 2,0 3,1 1,2 3,0 
2026-06-30 13:22:14.493 10 70248465
0,2 1,3 0,3 1,2 1,0 3,2 2,0 3,1 2,1 3,0 
2026-06-30 13:22:14.620 10 70464293
0,2 1,3 0,3 1,2 1,0 3,2 2,0 3,1 2,1 3,0 
2026-06-30 13:22:14.660 10 70532027
0,3 2,1 0,2 1,3 1,0 3,2 2,0 3,1 1,2 3,0 
2026-06-30 13:22:14.792 10 70757564
1,3 2,0 2,1 3,0 0,2 3,1 1,0 3,2 0,3 1,2 
2026-06-30 13:22:14.796 10 70764348
2,1 3,0 0,2 1,3 0,3 1,2 1,0 3,2 2,0 3,1 
2026-06-30 13:22:14.885 10 70915550
0,3 2,1 2,0 3,1 1,2 3,0 1,0 3,2 0,2 1,3 
2026-06-30 13:22:14.896 10 70934707
0,3 2,1 1,0 3,2 0,2 3,1 1,2 3,0 1,3 2,0 
2026-06-30 13:22:14.896 10 70935031
2,0 3,1 2,1 3,0 0,2 1,3 0,3 1,2 1,0 3,2 
2026-06-30 13:22:15.222 10 71491088
1,3 2,0 2,1 3,0 0,2 3,1 0,3 1,2 1,0 3,2 
2026-06-30 13:22:15.446 10 71871536
2,0 3,1 0,3 1,2 1,0 3,2 0,2 1,3 2,1 3,0 
2026-06-30 13:22:15.529 10 72011830
0,2 1,3 1,2 3,0 1,0 3,2 0,3 2,1 2,0 3,1 
2026-06-30 13:22:15.709 10 72319631
0,2 3,1 0,3 2,1 1,0 3,2 1,3 2,0 1,2 3,0 
2026-06-30 13:22:15.763 10 72412096
2,0 3,1 0,3 2,1 0,2 1,3 1,2 3,0 1,0 3,2 
2026-06-30 13:22:15.952 10 72732779
1,2 3,0 0,2 3,1 0,3 2,1 1,3 2,0 1,0 3,2 
2026-06-30 13:22:16.108 10 72998837
2,1 3,0 1,0 3,2 0,2 3,1 0,3 1,2 1,3 2,0 
2026-06-30 13:22:16.198 10 73151999
1,3 2,0 2,1 3,0 0,2 3,1 1,0 3,2 0,3 1,2 
2026-06-30 13:22:16.249 10 73239643
1,3 2,0 1,2 3,0 1,0 3,2 0,3 2,1 0,2 3,1 
2026-06-30 13:22:16.618 10 73870950
0,3 2,1 0,2 1,3 1,2 3,0 1,0 3,2 2,0 3,1 
2026-06-30 13:22:16.632 10 73893475
0,2 3,1 1,0 3,2 0,3 1,2 1,3 2,0 2,1 3,0 
2026-06-30 13:22:16.721 10 74045046
0,3 1,2 1,3 2,0 2,1 3,0 0,2 3,1 1,0 3,2 
2026-06-30 13:22:16.944 10 74425442
2,1 3,0 1,3 2,0 0,3 1,2 0,2 3,1 1,0 3,2 
2026-06-30 13:22:17.053 10 74612940
0,3 1,2 0,2 1,3 1,0 3,2 2,1 3,0 2,0 3,1 
2026-06-30 13:22:17.112 10 74712858
0,2 1,3 0,3 1,2 1,0 3,2 2,0 3,1 2,1 3,0 
2026-06-30 13:22:17.194 10 74852543
0,3 2,1 2,0 3,1 1,0 3,2 1,2 3,0 0,2 1,3 
2026-06-30 13:22:17.204 10 74869455
2,1 3,0 0,2 1,3 1,0 3,2 0,3 1,2 2,0 3,1 
2026-06-30 13:22:17.224 10 74903729
1,2 3,0 2,0 3,1 0,3 2,1 1,0 3,2 0,2 1,3 
2026-06-30 13:22:17.300 10 75031421
2,0 3,1 2,1 3,0 0,2 1,3 1,0 3,2 0,3 1,2 
2026-06-30 13:22:17.405 10 75210191
1,3 2,0 2,1 3,0 1,0 3,2 0,2 3,1 0,3 1,2 
2026-06-30 13:22:17.459 10 75302757
0,2 1,3 2,1 3,0 2,0 3,1 0,3 1,2 1,0 3,2 
2026-06-30 13:22:17.619 10 75575805
0,2 3,1 0,3 1,2 1,3 2,0 1,0 3,2 2,1 3,0 
2026-06-30 13:22:17.720 10 75746108
1,3 2,0 0,3 2,1 1,0 3,2 1,2 3,0 0,2 3,1 
2026-06-30 13:22:17.735 10 75772249
2,0 3,1 1,2 3,0 1,0 3,2 0,2 1,3 0,3 2,1 
2026-06-30 13:22:17.791 10 75866852
0,3 1,2 0,2 3,1 1,0 3,2 1,3 2,0 2,1 3,0 
2026-06-30 13:22:17.822 10 75918853
1,2 3,0 2,0 3,1 0,3 2,1 1,0 3,2 0,2 1,3 
2026-06-30 13:22:18.080 10 76361257
1,2 3,0 0,2 1,3 0,3 2,1 1,0 3,2 2,0 3,1 
2026-06-30 13:22:18.172 10 76516858
1,3 2,0 0,3 1,2 1,0 3,2 2,1 3,0 0,2 3,1 
2026-06-30 13:22:18.195 10 76555815
1,2 3,0 2,0 3,1 0,3 2,1 1,0 3,2 0,2 1,3 
2026-06-30 13:22:18.211 10 76583966
1,2 3,0 1,3 2,0 0,3 2,1 1,0 3,2 0,2 3,1 
2026-06-30 13:22:18.251 10 76651110
2,0 3,1 2,1 3,0 1,0 3,2 0,3 1,2 0,2 1,3 
2026-06-30 13:22:18.323 10 76773645
1,3 2,0 1,0 3,2 0,3 1,2 0,2 3,1 2,1 3,0 
2026-06-30 13:22:18.342 10 76805862
0,2 3,1 0,3 1,2 1,0 3,2 1,3 2,0 2,1 3,0 
2026-06-30 13:22:18.363 10 76841259
0,2 3,1 1,0 3,2 0,3 1,2 1,3 2,0 2,1 3,0 
2026-06-30 13:22:18.470 10 77023255
0,3 2,1 1,3 2,0 1,0 3,2 1,2 3,0 0,2 3,1 
2026-06-30 13:22:18.477 10 77035327
1,2 3,0 1,3 2,0 1,0 3,2 0,2 3,1 0,3 2,1 
2026-06-30 13:22:18.796 10 77579750
2,0 3,1 1,0 3,2 0,3 1,2 0,2 1,3 2,1 3,0 
2026-06-30 13:22:18.830 10 77638185
1,3 2,0 1,0 3,2 1,2 3,0 0,2 3,1 0,3 2,1 
2026-06-30 13:22:18.832 10 77641938
0,2 3,1 0,3 1,2 1,0 3,2 1,3 2,0 2,1 3,0 
2026-06-30 13:22:19.486 10 78756028
0,3 2,1 0,2 3,1 1,0 3,2 1,3 2,0 1,2 3,0 
2026-06-30 13:22:19.726 10 79165863
0,2 1,3 2,1 3,0 2,0 3,1 0,3 1,2 1,0 3,2 
2026-06-30 13:22:19.896 10 79455397
0,2 1,3 1,2 3,0 2,0 3,1 1,0 3,2 0,3 2,1 
2026-06-30 13:22:19.955 10 79554901
2,1 3,0 0,2 3,1 1,0 3,2 0,3 1,2 1,3 2,0 
2026-06-30 13:22:19.978 10 79593762
0,2 3,1 1,0 3,2 0,3 2,1 1,3 2,0 1,2 3,0 
2026-06-30 13:22:20.036 10 79693222
0,3 2,1 1,3 2,0 1,2 3,0 0,2 3,1 1,0 3,2 
2026-06-30 13:22:20.058 10 79729021
0,2 1,3 2,1 3,0 2,0 3,1 0,3 1,2 1,0 3,2 
2026-06-30 13:22:20.153 10 79891864
2,0 3,1 1,2 3,0 1,0 3,2 0,3 2,1 0,2 1,3 
2026-06-30 13:22:20.168 10 79916694
0,3 2,1 0,2 3,1 1,2 3,0 1,0 3,2 1,3 2,0 
2026-06-30 13:22:20.421 10 80349585
0,3 1,2 1,0 3,2 0,2 1,3 2,1 3,0 2,0 3,1 
2026-06-30 13:22:20.931 10 81218248
2,1 3,0 2,0 3,1 1,0 3,2 0,3 1,2 0,2 1,3 
2026-06-30 13:22:21.012 10 81355379
0,2 3,1 1,0 3,2 2,1 3,0 1,3 2,0 0,3 1,2 
2026-06-30 13:22:21.222 10 81712947
0,2 1,3 0,3 1,2 2,0 3,1 1,0 3,2 2,1 3,0 
2026-06-30 13:22:21.231 10 81727549
0,2 1,3 1,2 3,0 2,0 3,1 0,3 2,1 1,0 3,2 
2026-06-30 13:22:21.252 10 81763872
0,2 1,3 0,3 2,1 2,0 3,1 1,0 3,2 1,2 3,0 
2026-06-30 13:22:21.399 10 82012842
1,3 2,0 1,0 3,2 0,3 2,1 0,2 3,1 1,2 3,0 
2026-06-30 13:22:21.409 10 82031192
1,2 3,0 2,0 3,1 1,0 3,2 0,3 2,1 0,2 1,3 
2026-06-30 13:22:21.446 10 82094285
1,2 3,0 1,0 3,2 0,2 3,1 0,3 2,1 1,3 2,0 
2026-06-30 13:22:21.514 10 82210277
2,0 3,1 2,1 3,0 0,2 1,3 0,3 1,2 1,0 3,2 
2026-06-30 13:22:21.591 10 82340759
1,2 3,0 2,0 3,1 0,3 2,1 0,2 1,3 1,0 3,2 
2026-06-30 13:22:21.863 10 82804950
0,2 1,3 2,1 3,0 1,0 3,2 2,0 3,1 0,3 1,2 
2026-06-30 13:22:21.910 10 82884743
0,3 2,1 1,3 2,0 1,0 3,2 0,2 3,1 1,2 3,0 
2026-06-30 13:22:22.144 10 83281297
0,2 3,1 2,1 3,0 1,0 3,2 1,3 2,0 0,3 1,2 
2026-06-30 13:22:22.389 10 83698667
0,3 1,2 2,0 3,1 1,0 3,2 0,2 1,3 2,1 3,0 
2026-06-30 13:22:22.534 10 83946363
0,3 1,2 1,3 2,0 1,0 3,2 2,1 3,0 0,2 3,1 
2026-06-30 13:22:22.670 10 84179915
1,3 2,0 0,3 2,1 0,2 3,1 1,2 3,0 1,0 3,2 
2026-06-30 13:22:22.714 10 84254047
0,2 3,1 2,1 3,0 1,3 2,0 0,3 1,2 1,0 3,2 
2026-06-30 13:22:22.730 10 84281159
0,3 1,2 0,2 3,1 1,0 3,2 2,1 3,0 1,3 2,0 
2026-06-30 13:22:22.845 10 84476676
2,0 3,1 1,0 3,2 0,3 1,2 0,2 1,3 2,1 3,0 
2026-06-30 13:22:23.190 10 85065603
2,0 3,1 0,3 1,2 0,2 1,3 1,0 3,2 2,1 3,0 
2026-06-30 13:22:23.310 10 85270386
1,3 2,0 0,3 2,1 1,0 3,2 1,2 3,0 0,2 3,1 
2026-06-30 13:22:23.793 10 86094708
0,3 1,2 1,3 2,0 1,0 3,2 2,1 3,0 0,2 3,1 
2026-06-30 13:22:24.331 10 87013621
2,1 3,0 0,2 3,1 1,0 3,2 1,3 2,0 0,3 1,2 
2026-06-30 13:22:24.363 10 87068178
0,3 2,1 1,0 3,2 1,3 2,0 1,2 3,0 0,2 3,1 
2026-06-30 13:22:24.492 10 87289194
0,3 2,1 2,0 3,1 1,2 3,0 0,2 1,3 1,0 3,2 
2026-06-30 13:22:24.516 10 87328620
2,1 3,0 2,0 3,1 0,3 1,2 1,0 3,2 0,2 1,3 
2026-06-30 13:22:24.521 10 87338036
0,2 3,1 0,3 1,2 1,3 2,0 2,1 3,0 1,0 3,2 
2026-06-30 13:22:24.535 10 87361824
0,2 1,3 1,2 3,0 1,0 3,2 2,0 3,1 0,3 2,1 
2026-06-30 13:22:24.624 10 87511439
0,3 2,1 1,3 2,0 1,0 3,2 1,2 3,0 0,2 3,1 
2026-06-30 13:22:24.830 10 87863405
2,0 3,1 1,0 3,2 0,3 1,2 0,2 1,3 2,1 3,0 
2026-06-30 13:22:24.897 10 87978007
0,2 1,3 2,1 3,0 1,0 3,2 2,0 3,1 0,3 1,2 
2026-06-30 13:22:25.251 10 88580148
2,0 3,1 1,0 3,2 1,2 3,0 0,2 1,3 0,3 2,1 
2026-06-30 13:22:25.366 10 88776479
0,3 2,1 1,0 3,2 2,0 3,1 1,2 3,0 0,2 1,3 
2026-06-30 13:22:25.399 10 88832778
0,3 1,2 1,0 3,2 1,3 2,0 2,1 3,0 0,2 3,1 
2026-06-30 13:22:25.408 10 88846736
1,3 2,0 1,2 3,0 0,2 3,1 0,3 2,1 1,0 3,2 
2026-06-30 13:22:25.501 10 89005670
2,1 3,0 0,2 1,3 0,3 1,2 1,0 3,2 2,0 3,1 
2026-06-30 13:22:25.553 10 89095600
0,3 2,1 1,3 2,0 1,0 3,2 1,2 3,0 0,2 3,1 
2026-06-30 13:22:25.653 10 89265212
2,1 3,0 1,3 2,0 0,3 1,2 0,2 3,1 1,0 3,2 
2026-06-30 13:22:25.695 10 89336613
2,1 3,0 1,3 2,0 0,3 1,2 1,0 3,2 0,2 3,1 
2026-06-30 13:22:25.792 10 89502565
1,3 2,0 1,2 3,0 1,0 3,2 0,3 2,1 0,2 3,1 
2026-06-30 13:22:25.798 10 89512151
1,3 2,0 2,1 3,0 0,2 3,1 1,0 3,2 0,3 1,2 
2026-06-30 13:22:25.887 10 89663572
0,2 1,3 0,3 1,2 2,0 3,1 2,1 3,0 1,0 3,2 
2026-06-30 13:22:25.918 10 89717495
1,3 2,0 1,2 3,0 1,0 3,2 0,2 3,1 0,3 2,1 
2026-06-30 13:22:25.922 10 89724743
0,2 1,3 0,3 2,1 1,0 3,2 1,2 3,0 2,0 3,1 
2026-06-30 13:22:26.085 10 90001727
0,3 2,1 0,2 3,1 1,0 3,2 1,2 3,0 1,3 2,0 
2026-06-30 13:22:26.158 10 90125141
0,3 1,2 0,2 3,1 2,1 3,0 1,0 3,2 1,3 2,0 
2026-06-30 13:22:26.238 10 90260731
0,3 1,2 0,2 1,3 2,1 3,0 2,0 3,1 1,0 3,2 
2026-06-30 13:22:26.458 10 90635109
1,3 2,0 2,1 3,0 1,0 3,2 0,3 1,2 0,2 3,1 
2026-06-30 13:22:26.550 10 90791282
0,2 3,1 2,1 3,0 1,0 3,2 1,3 2,0 0,3 1,2 
2026-06-30 13:22:26.686 10 91024621
0,2 3,1 1,2 3,0 1,3 2,0 1,0 3,2 0,3 2,1 
2026-06-30 13:22:26.786 10 91193680
0,3 2,1 0,2 3,1 1,2 3,0 1,0 3,2 1,3 2,0 
2026-06-30 13:22:26.791 10 91203045
1,3 2,0 0,3 1,2 1,0 3,2 0,2 3,1 2,1 3,0 
2026-06-30 13:22:26.854 10 91309393
2,1 3,0 0,2 3,1 1,0 3,2 0,3 1,2 1,3 2,0 
2026-06-30 13:22:27.135 10 91790835
2,0 3,1 1,0 3,2 2,1 3,0 0,2 1,3 0,3 1,2 
2026-06-30 13:22:27.154 10 91821592
0,3 2,1 1,0 3,2 0,2 1,3 1,2 3,0 2,0 3,1 
2026-06-30 13:22:27.258 10 91999018
1,3 2,0 1,2 3,0 1,0 3,2 0,3 2,1 0,2 3,1 
2026-06-30 13:22:27.684 10 92726679
1,2 3,0 1,3 2,0 0,3 2,1 0,2 3,1 1,0 3,2 
2026-06-30 13:22:27.755 10 92850150
2,1 3,0 2,0 3,1 0,3 1,2 1,0 3,2 0,2 1,3 
2026-06-30 13:22:27.924 10 93139292
0,3 2,1 0,2 3,1 1,0 3,2 1,2 3,0 1,3 2,0 
2026-06-30 13:22:27.940 10 93165425
0,3 1,2 0,2 1,3 1,0 3,2 2,0 3,1 2,1 3,0 
2026-06-30 13:22:27.991 10 93252169
0,3 2,1 0,2 3,1 1,2 3,0 1,3 2,0 1,0 3,2 
2026-06-30 13:22:28.110 10 93453761
2,1 3,0 1,3 2,0 0,3 1,2 1,0 3,2 0,2 3,1 
2026-06-30 13:22:28.230 10 93657922
2,0 3,1 0,3 1,2 1,0 3,2 0,2 1,3 2,1 3,0 
2026-06-30 13:22:28.417 10 93976343
2,1 3,0 1,3 2,0 0,3 1,2 1,0 3,2 0,2 3,1 
2026-06-30 13:22:28.538 10 94181117
1,3 2,0 2,1 3,0 1,0 3,2 0,2 3,1 0,3 1,2 
2026-06-30 13:22:28.592 10 94273176
1,2 3,0 0,2 3,1 1,0 3,2 0,3 2,1 1,3 2,0 
2026-06-30 13:22:29.145 10 95220997
1,3 2,0 1,2 3,0 0,2 3,1 0,3 2,1 1,0 3,2 
2026-06-30 13:22:29.192 10 95300189
0,2 3,1 1,0 3,2 0,3 2,1 1,3 2,0 1,2 3,0 
2026-06-30 13:22:29.558 10 95925094
0,3 2,1 0,2 1,3 1,2 3,0 1,0 3,2 2,0 3,1 
2026-06-30 13:22:29.944 10 96581576
2,1 3,0 1,3 2,0 1,0 3,2 0,3 1,2 0,2 3,1 
2026-06-30 13:22:30.270 10 97135152
1,3 2,0 1,0 3,2 0,3 1,2 0,2 3,1 2,1 3,0 
2026-06-30 13:22:30.368 10 97303059
0,2 3,1 0,3 2,1 1,0 3,2 1,3 2,0 1,2 3,0 
2026-06-30 13:22:30.423 10 97395363
1,3 2,0 1,2 3,0 0,2 3,1 1,0 3,2 0,3 2,1 
2026-06-30 13:22:30.554 10 97620731
1,2 3,0 2,0 3,1 1,0 3,2 0,2 1,3 0,3 2,1 
2026-06-30 13:22:30.570 10 97647256
0,2 1,3 1,0 3,2 0,3 2,1 2,0 3,1 1,2 3,0 
2026-06-30 13:22:30.659 10 97799279
0,2 3,1 1,0 3,2 0,3 1,2 1,3 2,0 2,1 3,0 
2026-06-30 13:22:30.767 10 97982417
0,2 1,3 1,2 3,0 1,0 3,2 2,0 3,1 0,3 2,1 
2026-06-30 13:22:30.810 10 98055554
0,3 1,2 1,0 3,2 0,2 3,1 2,1 3,0 1,3 2,0 
2026-06-30 13:22:31.007 10 98392493
0,2 1,3 1,0 3,2 1,2 3,0 2,0 3,1 0,3 2,1 
2026-06-30 13:22:31.043 10 98453136
0,3 1,2 2,0 3,1 2,1 3,0 1,0 3,2 0,2 1,3 
2026-06-30 13:22:31.159 10 98650823
0,3 1,2 0,2 1,3 2,1 3,0 1,0 3,2 2,0 3,1 
2026-06-30 13:22:31.197 10 98716001
2,0 3,1 1,2 3,0 0,2 1,3 1,0 3,2 0,3 2,1 
2026-06-30 13:22:31.289 10 98872567
0,3 2,1 1,0 3,2 2,0 3,1 1,2 3,0 0,2 1,3 
2026-06-30 13:22:31.291 10 98876214
2,1 3,0 2,0 3,1 1,0 3,2 0,3 1,2 0,2 1,3 
2026-06-30 13:22:31.327 10 98937158
2,1 3,0 1,3 2,0 1,0 3,2 0,3 1,2 0,2 3,1 
2026-06-30 13:22:31.451 10 99147653
2,0 3,1 2,1 3,0 0,2 1,3 0,3 1,2 1,0 3,2 
2026-06-30 13:22:31.470 10 99180106
0,3 1,2 0,2 3,1 1,0 3,2 1,3 2,0 2,1 3,0 
2026-06-30 13:22:31.509 10 99245382
0,3 1,2 0,2 3,1 1,0 3,2 1,3 2,0 2,1 3,0 
2026-06-30 13:22:31.524 10 99271514
0,3 1,2 1,3 2,0 1,0 3,2 2,1 3,0 0,2 3,1 
2026-06-30 13:22:31.617 10 99429918
0,2 1,3 0,3 1,2 1,0 3,2 2,1 3,0 2,0 3,1 
2026-06-30 13:22:32.023 10 100123602
2,1 3,0 0,2 1,3 0,3 1,2 2,0 3,1 1,0 3,2 
2026-06-30 13:22:32.152 10 100343240
1,2 3,0 0,2 1,3 0,3 2,1 1,0 3,2 2,0 3,1 
2026-06-30 13:22:32.245 10 100502170
1,2 3,0 0,2 1,3 0,3 2,1 2,0 3,1 1,0 3,2 
2026-06-30 13:22:32.277 10 100556297
1,2 3,0 0,2 3,1 1,0 3,2 1,3 2,0 0,3 2,1 
2026-06-30 13:22:32.283 10 100565236
0,2 1,3 2,1 3,0 1,0 3,2 0,3 1,2 2,0 3,1 
2026-06-30 13:22:32.577 10 101069059
0,2 1,3 2,1 3,0 2,0 3,1 1,0 3,2 0,3 1,2 
2026-06-30 13:22:32.608 10 101121927
1,2 3,0 0,2 3,1 1,0 3,2 1,3 2,0 0,3 2,1 
2026-06-30 13:22:32.767 10 101390582
2,1 3,0 2,0 3,1 1,0 3,2 0,3 1,2 0,2 1,3 
2026-06-30 13:22:32.859 10 101547855
1,2 3,0 1,0 3,2 2,0 3,1 0,3 2,1 0,2 1,3 
2026-06-30 13:22:32.910 10 101634018
2,0 3,1 1,2 3,0 1,0 3,2 0,2 1,3 0,3 2,1 
2026-06-30 13:22:32.997 10 101783674
0,2 3,1 0,3 2,1 1,0 3,2 1,3 2,0 1,2 3,0 
2026-06-30 13:22:33.005 10 101797135
0,3 1,2 1,0 3,2 1,3 2,0 2,1 3,0 0,2 3,1 
2026-06-30 13:22:33.025 10 101829996
0,3 2,1 0,2 1,3 1,0 3,2 1,2 3,0 2,0 3,1 
2026-06-30 13:22:33.031 10 101841557
2,1 3,0 1,3 2,0 0,3 1,2 1,0 3,2 0,2 3,1 
2026-06-30 13:22:33.139 10 102026197
2,1 3,0 1,0 3,2 0,2 1,3 0,3 1,2 2,0 3,1 
2026-06-30 13:22:33.193 10 102117641
0,3 1,2 0,2 3,1 2,1 3,0 1,3 2,0 1,0 3,2 
2026-06-30 13:22:33.253 10 102218978
1,3 2,0 0,3 1,2 0,2 3,1 1,0 3,2 2,1 3,0 
2026-06-30 13:22:33.458 10 102566657
1,3 2,0 1,2 3,0 0,2 3,1 1,0 3,2 0,3 2,1 
2026-06-30 13:22:33.555 10 102732335
0,3 2,1 1,3 2,0 1,0 3,2 0,2 3,1 1,2 3,0 
2026-06-30 13:22:33.556 10 102734411
0,3 1,2 2,0 3,1 1,0 3,2 0,2 1,3 2,1 3,0 
2026-06-30 13:22:33.623 10 102848491
0,3 2,1 2,0 3,1 1,0 3,2 1,2 3,0 0,2 1,3 
2026-06-30 13:22:33.667 10 102923234
1,3 2,0 0,3 2,1 1,0 3,2 0,2 3,1 1,2 3,0 
2026-06-30 13:22:33.707 10 102990715
0,3 1,2 2,0 3,1 2,1 3,0 0,2 1,3 1,0 3,2 
2026-06-30 13:22:33.769 10 103096781
2,0 3,1 2,1 3,0 0,2 1,3 0,3 1,2 1,0 3,2 
2026-06-30 13:22:33.906 10 103331134
2,0 3,1 1,0 3,2 0,3 1,2 0,2 1,3 2,1 3,0 
2026-06-30 13:22:33.945 10 103397273
2,0 3,1 0,3 1,2 1,0 3,2 2,1 3,0 0,2 1,3 
2026-06-30 13:22:33.995 10 103481630
2,0 3,1 0,3 2,1 1,0 3,2 0,2 1,3 1,2 3,0 
2026-06-30 13:22:34.131 10 103713825
2,1 3,0 1,0 3,2 0,2 3,1 0,3 1,2 1,3 2,0 
2026-06-30 13:22:34.352 10 104093787
1,2 3,0 2,0 3,1 0,3 2,1 1,0 3,2 0,2 1,3 
2026-06-30 13:22:34.353 10 104094682
0,3 1,2 0,2 3,1 2,1 3,0 1,3 2,0 1,0 3,2 
2026-06-30 13:22:34.425 10 104217788
0,2 1,3 0,3 2,1 1,0 3,2 2,0 3,1 1,2 3,0 
2026-06-30 13:22:34.614 10 104538404
0,2 3,1 0,3 1,2 1,3 2,0 1,0 3,2 2,1 3,0 
2026-06-30 13:22:34.747 10 104765448
0,3 2,1 0,2 1,3 1,2 3,0 1,0 3,2 2,0 3,1 
2026-06-30 13:22:34.999 10 105195195
2,0 3,1 0,3 1,2 1,0 3,2 0,2 1,3 2,1 3,0 
2026-06-30 13:22:35.054 10 105288112
0,2 1,3 0,3 1,2 2,0 3,1 2,1 3,0 1,0 3,2 
2026-06-30 13:22:35.355 10 105803184
0,3 2,1 1,0 3,2 0,2 3,1 1,2 3,0 1,3 2,0 
2026-06-30 13:22:35.378 10 105842056
1,3 2,0 1,2 3,0 0,2 3,1 0,3 2,1 1,0 3,2 
2026-06-30 13:22:35.470 10 105997225
0,2 1,3 0,3 2,1 1,0 3,2 2,0 3,1 1,2 3,0 
2026-06-30 13:22:35.713 10 106412820
1,2 3,0 1,3 2,0 0,3 2,1 0,2 3,1 1,0 3,2 
2026-06-30 13:22:35.890 10 106716471
0,2 3,1 1,0 3,2 0,3 2,1 1,3 2,0 1,2 3,0 
2026-06-30 13:22:36.041 10 106972758
1,3 2,0 0,3 1,2 1,0 3,2 0,2 3,1 2,1 3,0 
2026-06-30 13:22:36.123 10 107113859
0,3 2,1 1,0 3,2 2,0 3,1 1,2 3,0 0,2 1,3 
2026-06-30 13:22:36.505 10 107765875
0,3 1,2 2,0 3,1 2,1 3,0 1,0 3,2 0,2 1,3 
2026-06-30 13:22:36.546 10 107836766
0,3 2,1 1,0 3,2 0,2 1,3 1,2 3,0 2,0 3,1 
2026-06-30 13:22:36.553 10 107847938
2,0 3,1 2,1 3,0 0,2 1,3 0,3 1,2 1,0 3,2 
2026-06-30 13:22:36.701 10 108100562
2,1 3,0 2,0 3,1 0,3 1,2 0,2 1,3 1,0 3,2 
2026-06-30 13:22:36.749 10 108182702
0,3 2,1 2,0 3,1 1,0 3,2 0,2 1,3 1,2 3,0 
2026-06-30 13:22:36.912 10 108460399
1,2 3,0 1,0 3,2 1,3 2,0 0,3 2,1 0,2 3,1 
2026-06-30 13:22:36.974 10 108560397
0,3 2,1 0,2 3,1 1,0 3,2 1,2 3,0 1,3 2,0 
2026-06-30 13:22:37.086 10 108753000
1,3 2,0 2,1 3,0 0,2 3,1 1,0 3,2 0,3 1,2 
2026-06-30 13:22:37.352 10 109206287
2,1 3,0 2,0 3,1 0,3 1,2 0,2 1,3 1,0 3,2 
2026-06-30 13:22:37.356 10 109213635
2,0 3,1 1,2 3,0 1,0 3,2 0,2 1,3 0,3 2,1 
2026-06-30 13:22:37.447 10 109368366
2,0 3,1 2,1 3,0 1,0 3,2 0,2 1,3 0,3 1,2 
2026-06-30 13:22:37.625 10 109670300
1,3 2,0 1,0 3,2 0,3 2,1 0,2 3,1 1,2 3,0 
2026-06-30 13:22:37.790 10 109947679
0,3 1,2 2,0 3,1 2,1 3,0 0,2 1,3 1,0 3,2 
2026-06-30 13:22:37.824 10 110005607
1,3 2,0 2,1 3,0 1,0 3,2 0,2 3,1 0,3 1,2 
2026-06-30 13:22:38.019 10 110336988
2,1 3,0 0,2 1,3 0,3 1,2 1,0 3,2 2,0 3,1 
2026-06-30 13:22:38.048 10 110386715
2,0 3,1 1,0 3,2 1,2 3,0 0,2 1,3 0,3 2,1 
2026-06-30 13:22:38.821 10 111699751
0,3 2,1 0,2 3,1 1,0 3,2 1,2 3,0 1,3 2,0 
2026-06-30 13:22:38.909 10 111849425
2,0 3,1 2,1 3,0 1,0 3,2 0,2 1,3 0,3 1,2 
2026-06-30 13:22:38.915 10 111858477
0,2 3,1 1,2 3,0 1,0 3,2 0,3 2,1 1,3 2,0 
2026-06-30 13:22:39.010 10 112019915
0,3 2,1 1,3 2,0 1,2 3,0 1,0 3,2 0,2 3,1 
2026-06-30 13:22:39.042 10 112074461
0,3 2,1 1,3 2,0 1,2 3,0 1,0 3,2 0,2 3,1 
2026-06-30 13:22:39.231 10 112394327
0,2 3,1 0,3 2,1 1,0 3,2 1,3 2,0 1,2 3,0 
2026-06-30 13:22:39.245 10 112419099
2,1 3,0 1,0 3,2 1,3 2,0 0,3 1,2 0,2 3,1 
2026-06-30 13:22:39.431 10 112735375
2,0 3,1 2,1 3,0 0,2 1,3 0,3 1,2 1,0 3,2 
2026-06-30 13:22:40.019 10 113734865
1,2 3,0 1,0 3,2 1,3 2,0 0,3 2,1 0,2 3,1 
2026-06-30 13:22:40.021 10 113738138
0,3 2,1 2,0 3,1 1,0 3,2 0,2 1,3 1,2 3,0 
2026-06-30 13:22:40.779 10 115025147
0,3 2,1 0,2 3,1 1,0 3,2 1,3 2,0 1,2 3,0 
2026-06-30 13:22:40.847 10 115139276
0,2 1,3 0,3 2,1 2,0 3,1 1,0 3,2 1,2 3,0 
2026-06-30 13:22:41.000 10 115398748
0,3 2,1 1,3 2,0 1,2 3,0 0,2 3,1 1,0 3,2 
2026-06-30 13:22:41.066 10 115511104
1,3 2,0 1,0 3,2 0,3 2,1 0,2 3,1 1,2 3,0 
2026-06-30 13:22:41.302 10 115911801
0,3 2,1 1,3 2,0 1,2 3,0 1,0 3,2 0,2 3,1 
2026-06-30 13:22:41.322 10 115946115
2,0 3,1 2,1 3,0 1,0 3,2 0,2 1,3 0,3 1,2 
2026-06-30 13:22:41.380 10 116044416
0,2 3,1 2,1 3,0 1,0 3,2 0,3 1,2 1,3 2,0 
2026-06-30 13:22:41.423 10 116116900
0,3 1,2 0,2 1,3 2,1 3,0 2,0 3,1 1,0 3,2 
2026-06-30 13:22:41.486 10 116223781
0,2 3,1 0,3 1,2 1,0 3,2 2,1 3,0 1,3 2,0 
2026-06-30 13:22:41.720 10 116622963
0,3 1,2 0,2 3,1 2,1 3,0 1,0 3,2 1,3 2,0 
2026-06-30 13:22:41.775 10 116715639
1,2 3,0 1,0 3,2 0,2 3,1 0,3 2,1 1,3 2,0 
2026-06-30 13:22:41.807 10 116770112
1,3 2,0 0,3 2,1 1,0 3,2 0,2 3,1 1,2 3,0 
2026-06-30 13:22:42.096 10 117259601
0,2 1,3 2,1 3,0 2,0 3,1 0,3 1,2 1,0 3,2 
2026-06-30 13:22:42.110 10 117283009
1,2 3,0 0,2 3,1 1,0 3,2 0,3 2,1 1,3 2,0 
2026-06-30 13:22:42.239 10 117502489
1,2 3,0 1,0 3,2 0,2 1,3 0,3 2,1 2,0 3,1 
2026-06-30 13:22:42.281 10 117574139
2,0 3,1 0,3 2,1 0,2 1,3 1,2 3,0 1,0 3,2 
2026-06-30 13:22:42.340 10 117674167
0,2 1,3 2,1 3,0 2,0 3,1 1,0 3,2 0,3 1,2 
2026-06-30 13:22:42.347 10 117685881
1,2 3,0 1,0 3,2 0,2 3,1 0,3 2,1 1,3 2,0 
2026-06-30 13:22:42.364 10 117715643
0,3 1,2 0,2 1,3 1,0 3,2 2,0 3,1 2,1 3,0 
2026-06-30 13:22:42.432 10 117830250
2,0 3,1 1,2 3,0 0,2 1,3 1,0 3,2 0,3 2,1 
2026-06-30 13:22:42.585 10 118090751
0,2 1,3 1,0 3,2 2,1 3,0 2,0 3,1 0,3 1,2 
2026-06-30 13:22:42.666 10 118226872
2,1 3,0 1,0 3,2 1,3 2,0 0,3 1,2 0,2 3,1 
2026-06-30 13:22:42.670 10 118234267
2,1 3,0 1,0 3,2 2,0 3,1 0,3 1,2 0,2 1,3 
2026-06-30 13:22:42.884 10 118596823
2,1 3,0 0,2 3,1 1,0 3,2 1,3 2,0 0,3 1,2 
2026-06-30 13:22:42.898 10 118621675
2,1 3,0 1,0 3,2 2,0 3,1 0,3 1,2 0,2 1,3 
2026-06-30 13:22:43.028 10 118841826
0,2 1,3 1,0 3,2 1,2 3,0 2,0 3,1 0,3 2,1 
2026-06-30 13:22:43.044 10 118867795
0,3 1,2 1,3 2,0 2,1 3,0 1,0 3,2 0,2 3,1 
2026-06-30 13:22:43.061 10 118896908
0,2 3,1 1,0 3,2 2,1 3,0 1,3 2,0 0,3 1,2 
2026-06-30 13:22:43.248 10 119212943
1,2 3,0 0,2 1,3 1,0 3,2 0,3 2,1 2,0 3,1 
2026-06-30 13:22:43.532 10 119695110
0,3 2,1 1,3 2,0 1,0 3,2 1,2 3,0 0,2 3,1 
2026-06-30 13:22:43.583 10 119781437
1,3 2,0 0,3 1,2 0,2 3,1 1,0 3,2 2,1 3,0 
2026-06-30 13:22:43.633 10 119865707
2,1 3,0 1,0 3,2 1,3 2,0 0,3 1,2 0,2 3,1 
2026-06-30 13:22:43.654 10 119901290
0,2 1,3 1,2 3,0 2,0 3,1 1,0 3,2 0,3 2,1 
2026-06-30 13:22:43.881 10 120286492
0,2 1,3 0,3 1,2 2,0 3,1 2,1 3,0 1,0 3,2 
2026-06-30 13:22:44.053 10 120576389
1,2 3,0 2,0 3,1 0,3 2,1 0,2 1,3 1,0 3,2 
2026-06-30 13:22:44.433 10 121219291
0,2 1,3 0,3 2,1 2,0 3,1 1,2 3,0 1,0 3,2 
2026-06-30 13:22:44.461 10 121266895
1,3 2,0 1,0 3,2 2,1 3,0 0,2 3,1 0,3 1,2 
2026-06-30 13:22:44.486 10 121309690
1,3 2,0 2,1 3,0 0,2 3,1 1,0 3,2 0,3 1,2 
2026-06-30 13:22:44.764 10 121778300
0,3 1,2 0,2 3,1 2,1 3,0 1,3 2,0 1,0 3,2 
2026-06-30 13:22:44.769 10 121785128
0,3 2,1 2,0 3,1 1,2 3,0 0,2 1,3 1,0 3,2 
2026-06-30 13:22:44.858 10 121937887
0,2 1,3 0,3 1,2 1,0 3,2 2,0 3,1 2,1 3,0 
2026-06-30 13:22:45.036 10 122239717
2,1 3,0 2,0 3,1 0,3 1,2 0,2 1,3 1,0 3,2 
2026-06-30 13:22:45.050 10 122262879
1,3 2,0 0,3 1,2 1,0 3,2 2,1 3,0 0,2 3,1 
2026-06-30 13:22:45.130 10 122398909
1,3 2,0 2,1 3,0 1,0 3,2 0,3 1,2 0,2 3,1 
2026-06-30 13:22:45.339 10 122753644
1,2 3,0 0,2 1,3 0,3 2,1 2,0 3,1 1,0 3,2 
2026-06-30 13:22:45.635 10 123257686
2,0 3,1 1,0 3,2 1,2 3,0 0,2 1,3 0,3 2,1 
2026-06-30 13:22:45.709 10 123382654
1,3 2,0 0,3 2,1 1,0 3,2 0,2 3,1 1,2 3,0 
2026-06-30 13:22:46.254 10 124310606
1,3 2,0 2,1 3,0 1,0 3,2 0,3 1,2 0,2 3,1 
2026-06-30 13:22:46.288 10 124367136
1,3 2,0 1,2 3,0 1,0 3,2 0,3 2,1 0,2 3,1 
2026-06-30 13:22:46.529 10 124776826
2,1 3,0 2,0 3,1 0,3 1,2 0,2 1,3 1,0 3,2 
2026-06-30 13:22:46.534 10 124785531
0,2 1,3 0,3 2,1 2,0 3,1 1,2 3,0 1,0 3,2 
2026-06-30 13:22:46.686 10 125043788
2,1 3,0 1,3 2,0 1,0 3,2 0,2 3,1 0,3 1,2 
2026-06-30 13:22:46.880 10 125372821
0,2 3,1 1,2 3,0 1,0 3,2 0,3 2,1 1,3 2,0 
2026-06-30 13:22:47.140 10 125814263
1,3 2,0 1,2 3,0 1,0 3,2 0,3 2,1 0,2 3,1 
2026-06-30 13:22:47.558 10 126527175
2,0 3,1 1,2 3,0 1,0 3,2 0,3 2,1 0,2 1,3 
2026-06-30 13:22:47.932 10 127164279
1,3 2,0 0,3 2,1 0,2 3,1 1,0 3,2 1,2 3,0 
2026-06-30 13:22:48.097 10 127444127
1,2 3,0 1,3 2,0 0,3 2,1 1,0 3,2 0,2 3,1 
2026-06-30 13:22:48.121 10 127484178
0,3 2,1 1,0 3,2 1,3 2,0 1,2 3,0 0,2 3,1 
2026-06-30 13:22:48.121 10 127484360
1,3 2,0 1,0 3,2 2,1 3,0 0,2 3,1 0,3 1,2 
2026-06-30 13:22:48.195 10 127610030
0,3 1,2 2,0 3,1 2,1 3,0 0,2 1,3 1,0 3,2 
2026-06-30 13:22:48.206 10 127629359
2,1 3,0 1,3 2,0 1,0 3,2 0,2 3,1 0,3 1,2 
2026-06-30 13:22:48.243 10 127692335
0,3 2,1 1,0 3,2 0,2 3,1 1,2 3,0 1,3 2,0 
2026-06-30 13:22:48.272 10 127741189
0,2 3,1 1,2 3,0 1,0 3,2 0,3 2,1 1,3 2,0 
2026-06-30 13:22:48.281 10 127755429
1,2 3,0 0,2 1,3 1,0 3,2 2,0 3,1 0,3 2,1 
2026-06-30 13:22:48.313 10 127809741
0,2 1,3 0,3 1,2 2,0 3,1 2,1 3,0 1,0 3,2 
2026-06-30 13:22:48.812 10 128657526
0,2 3,1 2,1 3,0 1,0 3,2 0,3 1,2 1,3 2,0 
2026-06-30 13:22:49.182 10 129286619
1,2 3,0 0,2 1,3 1,0 3,2 2,0 3,1 0,3 2,1 
2026-06-30 13:22:49.329 10 129535205
0,2 3,1 0,3 2,1 1,0 3,2 1,2 3,0 1,3 2,0 
2026-06-30 13:22:49.538 10 129890795
1,2 3,0 1,3 2,0 0,3 2,1 1,0 3,2 0,2 3,1 
2026-06-30 13:22:49.831 10 130388065
2,0 3,1 1,0 3,2 1,2 3,0 0,2 1,3 0,3 2,1 
2026-06-30 13:22:49.963 10 130611795
0,3 2,1 1,3 2,0 1,0 3,2 1,2 3,0 0,2 3,1 
2026-06-30 13:22:50.068 10 130789795
1,2 3,0 1,3 2,0 1,0 3,2 0,2 3,1 0,3 2,1 
2026-06-30 13:22:50.098 10 130840786
2,0 3,1 2,1 3,0 0,2 1,3 0,3 1,2 1,0 3,2 
2026-06-30 13:22:50.160 10 130946679
2,0 3,1 1,0 3,2 1,2 3,0 0,2 1,3 0,3 2,1 
2026-06-30 13:22:50.168 10 130959976
2,1 3,0 0,2 1,3 1,0 3,2 0,3 1,2 2,0 3,1 
2026-06-30 13:22:50.227 10 131060823
0,3 1,2 1,0 3,2 2,0 3,1 2,1 3,0 0,2 1,3 
2026-06-30 13:22:50.251 10 131101277
2,1 3,0 1,3 2,0 1,0 3,2 0,3 1,2 0,2 3,1 
2026-06-30 13:22:50.266 10 131125711
0,3 1,2 2,0 3,1 2,1 3,0 1,0 3,2 0,2 1,3 
2026-06-30 13:22:50.388 10 131332485
0,2 1,3 2,1 3,0 2,0 3,1 0,3 1,2 1,0 3,2 
2026-06-30 13:22:50.858 10 132129064
0,2 3,1 2,1 3,0 1,0 3,2 0,3 1,2 1,3 2,0 
2026-06-30 13:22:50.969 10 132316659
0,2 3,1 0,3 2,1 1,0 3,2 1,3 2,0 1,2 3,0 
2026-06-30 13:22:51.242 10 132778280
1,2 3,0 0,2 3,1 1,0 3,2 1,3 2,0 0,3 2,1 
2026-06-30 13:22:51.383 10 133016170
1,2 3,0 2,0 3,1 1,0 3,2 0,2 1,3 0,3 2,1 
2026-06-30 13:22:51.518 10 133245032
0,3 2,1 1,0 3,2 1,3 2,0 1,2 3,0 0,2 3,1 
2026-06-30 13:22:51.673 10 133506360
2,0 3,1 1,2 3,0 1,0 3,2 0,3 2,1 0,2 1,3 
2026-06-30 13:22:51.733 10 133596604
0,3 2,1 1,3 2,0 1,0 3,2 0,2 3,1 1,2 3,0 
2026-06-30 13:22:51.862 10 133816592
0,3 2,1 0,2 3,1 1,0 3,2 1,2 3,0 1,3 2,0 
2026-06-30 13:22:52.066 10 134165708
1,3 2,0 1,2 3,0 1,0 3,2 0,3 2,1 0,2 3,1 
2026-06-30 13:22:52.121 10 134259388
2,0 3,1 1,0 3,2 0,3 2,1 0,2 1,3 1,2 3,0 
2026-06-30 13:22:52.276 10 134522975
0,3 2,1 0,2 1,3 1,0 3,2 1,2 3,0 2,0 3,1 
2026-06-30 13:22:52.338 10 134629460
2,1 3,0 1,3 2,0 1,0 3,2 0,3 1,2 0,2 3,1 
2026-06-30 13:22:52.477 10 134864988
1,3 2,0 0,3 1,2 1,0 3,2 2,1 3,0 0,2 3,1 
2026-06-30 13:22:52.551 10 134992838
0,3 1,2 2,0 3,1 2,1 3,0 1,0 3,2 0,2 1,3 
2026-06-30 13:22:52.555 10 134999283
2,0 3,1 2,1 3,0 1,0 3,2 0,2 1,3 0,3 1,2 
2026-06-30 13:22:52.570 10 135024883
0,3 1,2 0,2 3,1 1,0 3,2 1,3 2,0 2,1 3,0 
2026-06-30 13:22:52.822 10 135454890
2,0 3,1 0,3 2,1 1,0 3,2 1,2 3,0 0,2 1,3 
2026-06-30 13:22:52.898 10 135582838
0,3 1,2 0,2 3,1 2,1 3,0 1,0 3,2 1,3 2,0 
2026-06-30 13:22:53.280 10 136230398
2,1 3,0 2,0 3,1 0,3 1,2 1,0 3,2 0,2 1,3 
2026-06-30 13:22:53.328 10 136311670
1,3 2,0 0,3 1,2 1,0 3,2 2,1 3,0 0,2 3,1 
2026-06-30 13:22:53.333 10 136320096
0,2 1,3 0,3 2,1 2,0 3,1 1,2 3,0 1,0 3,2 
2026-06-30 13:22:53.360 10 136365867
2,1 3,0 0,2 1,3 1,0 3,2 2,0 3,1 0,3 1,2 
2026-06-30 13:22:53.393 10 136423116
2,1 3,0 0,2 3,1 0,3 1,2 1,0 3,2 1,3 2,0 
2026-06-30 13:22:53.523 10 136645459
2,0 3,1 1,2 3,0 1,0 3,2 0,2 1,3 0,3 2,1 
2026-06-30 13:22:53.741 10 137017387
0,2 3,1 0,3 2,1 1,3 2,0 1,2 3,0 1,0 3,2 
2026-06-30 13:22:53.778 10 137079519
1,2 3,0 1,0 3,2 0,2 1,3 0,3 2,1 2,0 3,1 
2026-06-30 13:22:53.812 10 137136700
2,1 3,0 0,2 1,3 0,3 1,2 2,0 3,1 1,0 3,2 
2026-06-30 13:22:54.211 10 137817958
0,2 1,3 0,3 1,2 1,0 3,2 2,0 3,1 2,1 3,0 
2026-06-30 13:22:54.329 10 138017724
0,2 1,3 2,1 3,0 1,0 3,2 0,3 1,2 2,0 3,1 
2026-06-30 13:22:54.405 10 138147472
1,3 2,0 0,3 2,1 0,2 3,1 1,0 3,2 1,2 3,0 
2026-06-30 13:22:54.568 10 138424765
2,0 3,1 2,1 3,0 0,2 1,3 0,3 1,2 1,0 3,2 
2026-06-30 13:22:54.712 10 138669248
0,3 1,2 1,3 2,0 1,0 3,2 0,2 3,1 2,1 3,0 
2026-06-30 13:22:54.910 10 139006802
0,3 1,2 1,3 2,0 1,0 3,2 2,1 3,0 0,2 3,1 
2026-06-30 13:22:54.942 10 139062121
2,1 3,0 0,2 1,3 1,0 3,2 2,0 3,1 0,3 1,2 
2026-06-30 13:22:55.014 10 139183667
2,1 3,0 0,2 3,1 0,3 1,2 1,0 3,2 1,3 2,0 
2026-06-30 13:22:55.089 10 139310947
2,0 3,1 0,3 2,1 1,0 3,2 0,2 1,3 1,2 3,0 
2026-06-30 13:22:55.258 10 139598432
0,3 1,2 0,2 3,1 1,0 3,2 1,3 2,0 2,1 3,0 
2026-06-30 13:22:55.360 10 139771728
2,1 3,0 1,3 2,0 1,0 3,2 0,3 1,2 0,2 3,1 
2026-06-30 13:22:55.375 10 139797118
1,2 3,0 1,0 3,2 1,3 2,0 0,3 2,1 0,2 3,1 
2026-06-30 13:22:55.383 10 139811129
2,1 3,0 1,3 2,0 0,3 1,2 1,0 3,2 0,2 3,1 
2026-06-30 13:22:55.491 10 139994404
0,3 1,2 1,3 2,0 2,1 3,0 0,2 3,1 1,0 3,2 
2026-06-30 13:22:55.904 10 140697944
2,0 3,1 1,2 3,0 0,2 1,3 0,3 2,1 1,0 3,2 
2026-06-30 13:22:56.166 10 141142854
0,2 1,3 1,0 3,2 0,3 1,2 2,0 3,1 2,1 3,0 
2026-06-30 13:22:56.174 10 141156453
0,3 1,2 1,3 2,0 1,0 3,2 0,2 3,1 2,1 3,0 
2026-06-30 13:22:56.438 10 141607578
2,1 3,0 0,2 3,1 0,3 1,2 1,3 2,0 1,0 3,2 
2026-06-30 13:22:56.454 10 141634409
1,2 3,0 0,2 3,1 1,0 3,2 1,3 2,0 0,3 2,1 
2026-06-30 13:22:56.684 10 142025490
2,1 3,0 1,0 3,2 0,2 3,1 0,3 1,2 1,3 2,0 
2026-06-30 13:22:56.768 10 142169264
1,3 2,0 0,3 2,1 1,0 3,2 1,2 3,0 0,2 3,1 
2026-06-30 13:22:56.905 10 142402998
1,2 3,0 1,0 3,2 1,3 2,0 0,3 2,1 0,2 3,1 
2026-06-30 13:22:57.057 10 142662718
0,2 3,1 1,2 3,0 1,0 3,2 1,3 2,0 0,3 2,1 
2026-06-30 13:22:57.076 10 142695447
0,3 1,2 0,2 3,1 1,0 3,2 1,3 2,0 2,1 3,0 
2026-06-30 13:22:57.142 10 142805967
1,2 3,0 0,2 1,3 1,0 3,2 2,0 3,1 0,3 2,1 
2026-06-30 13:22:57.403 10 143249359
2,1 3,0 0,2 3,1 1,0 3,2 1,3 2,0 0,3 1,2 
2026-06-30 13:22:57.473 10 143368200
2,1 3,0 1,0 3,2 0,2 1,3 0,3 1,2 2,0 3,1 
2026-06-30 13:22:58.026 10 144310849
0,2 3,1 0,3 2,1 1,0 3,2 1,2 3,0 1,3 2,0 
2026-06-30 13:22:58.078 10 144400263
0,3 1,2 1,0 3,2 0,2 1,3 2,1 3,0 2,0 3,1 
2026-06-30 13:22:58.104 10 144443647
0,3 1,2 0,2 1,3 2,1 3,0 2,0 3,1 1,0 3,2 
2026-06-30 13:22:58.283 10 144747346
1,2 3,0 1,3 2,0 1,0 3,2 0,3 2,1 0,2 3,1 
2026-06-30 13:22:58.418 10 144976114
1,2 3,0 0,2 3,1 1,0 3,2 1,3 2,0 0,3 2,1 
2026-06-30 13:22:58.566 10 145226575
1,2 3,0 0,2 3,1 0,3 2,1 1,0 3,2 1,3 2,0 
2026-06-30 13:22:58.644 10 145359036
1,3 2,0 1,2 3,0 0,2 3,1 0,3 2,1 1,0 3,2 
2026-06-30 13:22:58.668 10 145399246
2,1 3,0 0,2 3,1 1,0 3,2 1,3 2,0 0,3 1,2 
2026-06-30 13:22:58.934 10 145851590
0,3 2,1 1,0 3,2 2,0 3,1 1,2 3,0 0,2 1,3 
2026-06-30 13:22:59.143 10 146208003
0,3 2,1 0,2 1,3 1,0 3,2 2,0 3,1 1,2 3,0 
2026-06-30 13:22:59.408 10 146660054
1,3 2,0 1,2 3,0 1,0 3,2 0,3 2,1 0,2 3,1 
2026-06-30 13:22:59.842 10 147400134
0,3 1,2 0,2 3,1 2,1 3,0 1,3 2,0 1,0 3,2 
2026-06-30 13:22:59.987 10 147646789
0,2 1,3 0,3 2,1 1,0 3,2 1,2 3,0 2,0 3,1 
2026-06-30 13:23:00.021 10 147704238
0,3 2,1 0,2 3,1 1,2 3,0 1,3 2,0 1,0 3,2 
2026-06-30 13:23:00.220 10 148042865
0,3 2,1 0,2 3,1 1,2 3,0 1,3 2,0 1,0 3,2 
2026-06-30 13:23:00.263 10 148116066
2,1 3,0 0,2 3,1 0,3 1,2 1,0 3,2 1,3 2,0 
2026-06-30 13:23:00.287 10 148156846
0,3 2,1 2,0 3,1 1,0 3,2 0,2 1,3 1,2 3,0 
2026-06-30 13:23:00.444 10 148423449
2,0 3,1 1,2 3,0 1,0 3,2 0,2 1,3 0,3 2,1 
2026-06-30 13:23:00.626 10 148733990
0,3 2,1 2,0 3,1 1,2 3,0 0,2 1,3 1,0 3,2 
2026-06-30 13:23:00.639 10 148755616
0,2 3,1 0,3 1,2 1,0 3,2 2,1 3,0 1,3 2,0 
2026-06-30 13:23:00.672 10 148811588
0,3 1,2 0,2 3,1 2,1 3,0 1,3 2,0 1,0 3,2 
2026-06-30 13:23:00.683 10 148830994
2,1 3,0 1,3 2,0 1,0 3,2 0,3 1,2 0,2 3,1 
2026-06-30 13:23:00.813 10 149050231
1,3 2,0 2,1 3,0 1,0 3,2 0,3 1,2 0,2 3,1 
2026-06-30 13:23:00.815 10 149054377
2,1 3,0 2,0 3,1 1,0 3,2 0,2 1,3 0,3 1,2 
2026-06-30 13:23:00.994 10 149357698
2,0 3,1 0,3 1,2 0,2 1,3 2,1 3,0 1,0 3,2 
2026-06-30 13:23:01.110 10 149553930
2,0 3,1 2,1 3,0 1,0 3,2 0,2 1,3 0,3 1,2 
2026-06-30 13:23:01.393 10 150035349
2,1 3,0 0,2 1,3 0,3 1,2 2,0 3,1 1,0 3,2 
2026-06-30 13:23:01.399 10 150046659
1,2 3,0 2,0 3,1 0,3 2,1 0,2 1,3 1,0 3,2 
2026-06-30 13:23:01.444 10 150122320
1,3 2,0 0,3 2,1 1,0 3,2 1,2 3,0 0,2 3,1 
2026-06-30 13:23:01.596 10 150379487
2,0 3,1 1,0 3,2 0,3 1,2 0,2 1,3 2,1 3,0 
2026-06-30 13:23:01.605 10 150394943
0,3 1,2 0,2 3,1 1,0 3,2 2,1 3,0 1,3 2,0 
2026-06-30 13:23:01.630 10 150437002
0,3 1,2 1,3 2,0 2,1 3,0 1,0 3,2 0,2 3,1 
2026-06-30 13:23:01.757 10 150654389
0,3 1,2 0,2 1,3 1,0 3,2 2,1 3,0 2,0 3,1 
2026-06-30 13:23:01.779 10 150690806
0,2 1,3 2,1 3,0 2,0 3,1 1,0 3,2 0,3 1,2 
2026-06-30 13:23:01.798 10 150723487
2,0 3,1 2,1 3,0 0,2 1,3 1,0 3,2 0,3 1,2 
2026-06-30 13:23:01.820 10 150759618
0,2 3,1 2,1 3,0 1,3 2,0 0,3 1,2 1,0 3,2 
2026-06-30 13:23:01.823 10 150765825
0,3 1,2 0,2 3,1 2,1 3,0 1,3 2,0 1,0 3,2 
2026-06-30 13:23:01.895 10 150887033
1,3 2,0 0,3 2,1 1,0 3,2 0,2 3,1 1,2 3,0 
2026-06-30 13:23:02.064 10 151175213
1,2 3,0 0,2 3,1 1,0 3,2 1,3 2,0 0,3 2,1 
2026-06-30 13:23:02.193 10 151394112
0,3 2,1 0,2 1,3 1,2 3,0 1,0 3,2 2,0 3,1 
2026-06-30 13:23:02.364 10 151684644
2,1 3,0 2,0 3,1 0,3 1,2 0,2 1,3 1,0 3,2 
2026-06-30 13:23:02.387 10 151724158
1,3 2,0 1,0 3,2 2,1 3,0 0,2 3,1 0,3 1,2 
2026-06-30 13:23:02.417 10 151775180
1,3 2,0 1,2 3,0 0,2 3,1 1,0 3,2 0,3 2,1 
2026-06-30 13:23:02.489 10 151896722
2,1 3,0 0,2 3,1 0,3 1,2 1,3 2,0 1,0 3,2 
2026-06-30 13:23:02.598 10 152082291
2,1 3,0 1,0 3,2 0,2 1,3 0,3 1,2 2,0 3,1 
2026-06-30 13:23:02.604 10 152091269
0,3 1,2 0,2 1,3 1,0 3,2 2,0 3,1 2,1 3,0 
2026-06-30 13:23:02.744 10 152329909
0,3 2,1 0,2 1,3 1,2 3,0 2,0 3,1 1,0 3,2 
2026-06-30 13:23:02.812 10 152446065
2,0 3,1 0,3 1,2 0,2 1,3 1,0 3,2 2,1 3,0 
2026-06-30 13:23:02.821 10 152461587
0,3 1,2 0,2 1,3 2,1 3,0 1,0 3,2 2,0 3,1 
2026-06-30 13:23:03.363 10 153380746
2,0 3,1 1,0 3,2 1,2 3,0 0,2 1,3 0,3 2,1 
2026-06-30 13:23:03.468 10 153559111
0,3 1,2 0,2 1,3 2,1 3,0 1,0 3,2 2,0 3,1 
2026-06-30 13:23:03.939 10 154359808
0,3 1,2 2,0 3,1 2,1 3,0 0,2 1,3 1,0 3,2 
2026-06-30 13:23:03.983 10 154434841
1,3 2,0 1,0 3,2 2,1 3,0 0,2 3,1 0,3 1,2 
2026-06-30 13:23:04.003 10 154468550
1,3 2,0 0,3 1,2 1,0 3,2 2,1 3,0 0,2 3,1 
2026-06-30 13:23:04.065 10 154574262
1,3 2,0 1,2 3,0 0,2 3,1 0,3 2,1 1,0 3,2 
2026-06-30 13:23:04.304 10 154979283
0,3 2,1 2,0 3,1 1,2 3,0 0,2 1,3 1,0 3,2 
2026-06-30 13:23:04.439 10 155208327
2,0 3,1 2,1 3,0 1,0 3,2 0,3 1,2 0,2 1,3 
2026-06-30 13:23:04.497 10 155304095
2,1 3,0 2,0 3,1 1,0 3,2 0,2 1,3 0,3 1,2 
2026-06-30 13:23:05.049 10 156243924
1,3 2,0 0,3 2,1 0,2 3,1 1,2 3,0 1,0 3,2 
2026-06-30 13:23:05.420 10 156876682
0,2 3,1 0,3 2,1 1,0 3,2 1,3 2,0 1,2 3,0 
2026-06-30 13:23:05.423 10 156882281
0,2 1,3 1,2 3,0 1,0 3,2 2,0 3,1 0,3 2,1 
2026-06-30 13:23:05.706 10 157365873
2,0 3,1 0,3 2,1 1,0 3,2 0,2 1,3 1,2 3,0 
2026-06-30 13:23:05.804 10 157532486
0,2 1,3 0,3 2,1 1,0 3,2 1,2 3,0 2,0 3,1 
2026-06-30 13:23:05.822 10 157563625
0,2 1,3 1,2 3,0 2,0 3,1 1,0 3,2 0,3 2,1 
2026-06-30 13:23:05.957 10 157795587
0,3 2,1 0,2 1,3 1,0 3,2 2,0 3,1 1,2 3,0 
2026-06-30 13:23:06.032 10 157922672
2,0 3,1 0,3 2,1 1,0 3,2 0,2 1,3 1,2 3,0 
2026-06-30 13:23:06.098 10 158034117
2,1 3,0 1,0 3,2 0,2 3,1 0,3 1,2 1,3 2,0 
2026-06-30 13:23:06.307 10 158391456
1,2 3,0 1,3 2,0 0,3 2,1 1,0 3,2 0,2 3,1 
2026-06-30 13:23:06.309 10 158393829
0,3 1,2 2,0 3,1 2,1 3,0 0,2 1,3 1,0 3,2 
2026-06-30 13:23:06.454 10 158641111
2,0 3,1 0,3 2,1 0,2 1,3 1,2 3,0 1,0 3,2 
2026-06-30 13:23:06.478 10 158681479
0,3 2,1 2,0 3,1 1,0 3,2 0,2 1,3 1,2 3,0 
2026-06-30 13:23:06.790 10 159213622
0,3 1,2 1,0 3,2 1,3 2,0 2,1 3,0 0,2 3,1 
2026-06-30 13:23:07.017 10 159601628
1,3 2,0 1,2 3,0 0,2 3,1 1,0 3,2 0,3 2,1 
2026-06-30 13:23:07.289 10 160065819
1,3 2,0 2,1 3,0 0,2 3,1 0,3 1,2 1,0 3,2 
2026-06-30 13:23:07.342 10 160156631
0,2 3,1 1,0 3,2 1,2 3,0 1,3 2,0 0,3 2,1 
2026-06-30 13:23:07.702 10 160772121
0,3 1,2 1,0 3,2 0,2 3,1 2,1 3,0 1,3 2,0 
2026-06-30 13:23:07.752 10 160856920
0,2 3,1 1,2 3,0 1,0 3,2 1,3 2,0 0,3 2,1 
2026-06-30 13:23:07.820 10 160973111
0,3 2,1 1,3 2,0 1,2 3,0 0,2 3,1 1,0 3,2 
2026-06-30 13:23:07.895 10 161099121
0,2 1,3 2,1 3,0 1,0 3,2 0,3 1,2 2,0 3,1 
2026-06-30 13:23:07.993 10 161266870
0,2 3,1 0,3 2,1 1,3 2,0 1,2 3,0 1,0 3,2 
2026-06-30 13:23:08.037 10 161341770
0,2 3,1 2,1 3,0 1,3 2,0 0,3 1,2 1,0 3,2 
2026-06-30 13:23:08.066 10 161390143
2,0 3,1 1,0 3,2 0,3 1,2 0,2 1,3 2,1 3,0 
2026-06-30 13:23:08.329 10 161838190
0,3 2,1 2,0 3,1 1,0 3,2 0,2 1,3 1,2 3,0 
2026-06-30 13:23:08.346 10 161866464
2,0 3,1 0,3 1,2 1,0 3,2 0,2 1,3 2,1 3,0 
2026-06-30 13:23:08.464 10 162067019
0,3 1,2 1,0 3,2 0,2 3,1 2,1 3,0 1,3 2,0 
2026-06-30 13:23:08.495 10 162119800
1,3 2,0 0,3 1,2 0,2 3,1 2,1 3,0 1,0 3,2 
2026-06-30 13:23:08.665 10 162407318
1,2 3,0 1,0 3,2 0,2 3,1 0,3 2,1 1,3 2,0 
2026-06-30 13:23:08.766 10 162578556
1,3 2,0 0,3 1,2 1,0 3,2 2,1 3,0 0,2 3,1 
2026-06-30 13:23:08.822 10 162674215
2,0 3,1 1,0 3,2 2,1 3,0 0,2 1,3 0,3 1,2 
2026-06-30 13:23:08.867 10 162751088
0,3 1,2 2,0 3,1 2,1 3,0 0,2 1,3 1,0 3,2 
2026-06-30 13:23:08.888 10 162786743
2,1 3,0 0,2 1,3 1,0 3,2 2,0 3,1 0,3 1,2 
2026-06-30 13:23:08.903 10 162812006
1,3 2,0 0,3 1,2 1,0 3,2 0,2 3,1 2,1 3,0 
2026-06-30 13:23:08.939 10 162872992
1,3 2,0 0,3 1,2 0,2 3,1 2,1 3,0 1,0 3,2 
2026-06-30 13:23:08.981 10 162943978
2,1 3,0 1,3 2,0 1,0 3,2 0,3 1,2 0,2 3,1 
2026-06-30 13:23:09.010 10 162991923
1,2 3,0 0,2 3,1 0,3 2,1 1,3 2,0 1,0 3,2 
2026-06-30 13:23:09.130 10 163194839
0,2 3,1 1,0 3,2 1,2 3,0 1,3 2,0 0,3 2,1 
2026-06-30 13:23:09.194 10 163302674
1,2 3,0 1,0 3,2 0,2 3,1 0,3 2,1 1,3 2,0 
